0.00000 0.00000 0.00000
-0.10605 0.24422 -0.82039
-0.93379 0.93193 -0.11974
-1.03055 0.47613 -0.73148
-0.90045 0.47613 -0.73148
-0.90045 0.47613 -1.59930
-0.99522 0.47613 -1.34760
-0.99522 0.47613 -1.34760
-1.41290 0.47613 -1.48348
-1.19530 0.61999 -1.48348
-1.51672 0.61999 -1.72286
-1.54943 0.61999 -1.72286
-2.16492 -0.37890 -2.37209
-2.16492 0.09790 -2.69317
-2.09288 -0.24539 -2.92908
-2.05510 -0.97239 -2.40593
-2.05510 -1.29968 -3.15677
-2.00526 -1.28738 -3.15677
-1.94083 -0.49395 -2.54178
-1.73101 -0.49957 -2.38050
