6.962926460644357718e+00 -9.423884603678186478e-01 4.661953993994160328e+00
1.128125108569280055e+00 5.347229233670643955e-01 3.386707846830856461e+00
4.468017085340049377e+00 1.494402558979352369e+00 3.143097387467956416e+00
9.805750942749201116e+00 -2.961410120987487127e-01 3.428143860243753949e+00
9.696036812235993452e+00 8.267846196809984782e-01 3.373273416094832111e+00
5.101979821500435719e+00 -5.695627606717024172e-01 3.506093012958604316e+00
7.339646518056476054e+00 -4.154966661240677706e-01 4.062838376737921031e+00
9.004598517760266319e+00 -1.206023929861514077e+00 4.619932537361828295e+00
1.471818384090524123e+00 5.812826245630181576e-01 4.772440176834011893e+00
6.571885067464640962e+00 -1.391281022073111162e-01 3.228870714571304923e+00

