2.833874821099722663e+00
3.172136813585033632e+00
3.362740640326648212e+00
2.765786698135415556e+00
3.927004311409987292e+00
6.798888608407044565e+00
1.409088618610441657e+00
4.061936180683179742e+00
4.150277096602168925e+00
4.130675754182044024e+00
1.958055560825886277e+00
8.221655957474739651e+00
1.735025561148602735e+00
3.980089482782544597e+00
9.674099722220393938e-01
1.356051185622134891e+00
5.602994486610565872e+00
9.979305454189941749e-01
1.646727180711582417e+00
4.406208005336399225e+00
4.072205853269023734e+00
1.980542213908674576e+00
9.796068518498828315e-01
3.685386610075034319e+00
1.721996462700392749e+00
5.784937208884095128e+00
5.060329736797955391e+00
1.017563332495760253e+00
2.014410809785157852e+00
4.735344012368192246e+00
8.359795743614527597e-01
1.482953681420322134e+00
2.622596382215839572e+00
2.174866110451212808e+00
4.737160301303423360e+00
5.841832273484302007e+00
1.693747678937891354e+00
6.813499639559617016e-01
5.579789949585580722e+00
1.217501612586352699e+00
6.359959824344741941e-01
5.379344738444411966e+00
3.597261328354228294e+00
9.272857238456841955e-01
9.345714143281403707e+00
3.533868292196328031e+00
8.876503586983089278e+00
2.400750182043038805e+00
2.011850714434770371e+00
3.236696593047921677e+00
2.105443883097092517e+00
8.602804635572051106e-01
1.868321562302885930e+00
2.763592316327280418e+00
9.008417943332203137e-01
1.442572152288586596e+00
7.369203464733216080e-01
2.306467082112357847e+00
4.343518850745811122e+00
4.128269225131729669e+00
6.365584975136709955e-01
9.560542113047761914e-01
2.997229015936355712e+00
9.159007095219299899e+00
2.113556112478531812e+00
2.327852575742871188e+00
4.812205344875606805e+00
5.016077495222795335e+00
6.757597404046996603e-01
1.885696581289556528e+00
1.265667965301123576e+00
1.492552311699653966e+00
2.446450705213163879e+00
2.999906693712206529e+00
2.496030277520710605e+00
2.521040702869303374e+00
3.467848913848601278e+00
1.305970443526067504e+00
1.732439947295655758e+00
1.105866670709160227e+00
6.000764348154032923e-01
1.367157382318980430e+00
2.042258201234550707e+00
7.992511087328258768e+00
9.214281238582401556e+00
2.824476078750394858e+00
1.014985815455966112e+00
3.654245452746463840e+00
7.093813674142285919e+00
5.923310019087787204e+00
6.968402219779495921e-01
4.019059448447468874e+00
3.037853959374978707e+00
1.190080102846640564e+00
3.392048636518716354e+00
2.040576050711365941e+00
1.986458108482332063e+00
4.502402745982922561e+00
4.535591917966068642e+00
8.085746181565996338e+00
1.754847438247969293e+00
2.685625242191727491e+00
1.576751950102652122e+00
3.843262797494041205e+00
5.861835597748785709e+00
2.414782740933640870e+00
2.323804194259332156e+00
7.540459076293976048e-01
3.765363019499177177e+00
1.215595007146308637e+00
7.640032669942795618e-01
1.246244105947034164e+00
1.046320371724225762e+00
8.118015814241754669e-01
6.363541325530299275e+00
6.194101905963327326e-01
8.853546475191691467e-01
3.300087571100745798e+00
4.421570168004056889e+00
2.462277075419553096e+00
1.634264161580882613e+00
2.925220490088024761e+00
3.275296772012112001e+00
9.638945774735885319e-01
1.079558269630408018e+00
2.539491792200812448e+00
7.623504771519989731e+00
1.490773539457613150e+00
1.775088350017910876e+00
7.187050508885592937e-01
2.696986952840072060e+00
1.638119974747383578e+00
2.342754858801713080e+00
3.138917651714990154e+00
1.140809913333301839e+00
5.107221633455905518e+00
7.458522638386776427e-01
3.324781437123704997e+00
3.985124045386361669e+00
1.260549445632684007e+00
2.652167247149011864e+00
3.038644873715420136e+00
3.990973995052992773e+00
3.107247215254745676e+00
5.815913568978151815e+00
3.259113314187807031e+00
4.490064456509882618e+00
2.436291764753074407e+00
4.963950633208696672e+00
5.151825463092464474e+00
1.531548862205811989e+00
2.636519800413018810e+00
1.858650681440027652e+00
2.229577520301109228e+00
1.168872260724847401e+00
8.098747109922820542e+00
6.997958979125705747e-01
1.440497384583229845e+00
3.013800230297729588e+00
8.390496021185397391e-01
2.209211293144606625e+00
7.172878263244153452e-01
3.227723927429154926e+00
2.568569292735066956e+00
1.398230275135962097e+00
1.671812748760398426e+00
8.609388862816702570e+00
4.437687369242380164e+00
1.276021927103939468e+00
9.709686174270304448e+00
6.045821670603297449e+00
1.101698869525517877e+00
1.100186272511722185e+00
1.568688009807997386e+00
7.953732308852111466e+00
2.110915852448698615e+00
3.214827796675573168e+00
1.609220471009574105e+00
1.910690372487273470e+00
3.365299792833811310e+00
1.718056638161227223e+00
2.638246720656052258e+00
2.598697207127156350e+00
8.975444729266053301e+00
1.135160896598061520e+00
5.821906399964129619e+00
4.371074462127825910e+00
3.999132296328745451e+00
2.387355356667547390e+00
3.356244810572799331e+00
1.467028245152672605e+00
6.073535439429048388e+00
2.126923444539505770e+00
2.755368175515693352e+00
2.394202686271471592e+00
1.804814733781431979e+00
1.447390841632335334e+00
9.728636665078068901e+00
2.554921298656348316e+00
1.101431072681264167e+00
9.346932198348119059e+00
1.477409653113492816e+00
9.309730435093653833e-01
1.518967245982486336e+00
8.960513691711603501e-01
6.006375820891519446e+00
1.452564462356132013e+00
5.086745650117643791e+00
2.413176744182433886e+00
8.759558763723470642e-01
1.458410262454740813e+00
4.039892350476167238e+00
9.081292393072520897e-01
3.888036342035530168e+00
1.081926747138467482e+00
1.219369652848803387e+00
5.986974559947404906e+00
2.486625970482394532e+00
6.903873807851011790e+00
8.167904687467007818e+00
1.177968544251771998e+00
1.383664508489784950e+00
7.352131120134384190e+00
1.772047987458533536e+00
4.844138366903644410e+00
2.751539515545395886e+00
6.467423311014286469e+00
7.066129892985557603e+00
1.225069354288590873e+00
1.894244846441468733e+00
9.606567930610976358e-01
1.890501813170192058e+00
1.441527076206847502e+00
8.025578241251627887e+00
2.029117435216405418e+00
5.844475546828016732e+00
4.193117133480959602e+00
4.999317667558496936e+00
1.192733899376524631e+00
3.379796551813728733e+00
2.185806205004751313e+00
7.212923179696079101e-01
5.379328623668831355e+00
3.879292629553078520e+00
1.120895585055990296e+00
2.619945228700292006e+00
1.926228818223634676e+00
2.738629305014490090e+00
3.986385313414090970e+00
1.217150230589861382e+00
1.474836738204626574e+00
2.709257351350441656e+00
1.567067538908824664e+00
2.085461875765689754e+00
2.000931772099560746e+00
1.528322427986068544e+00
1.279902537837603660e+00
1.520532628216375359e+00
2.058904249706353440e+00
2.421189074149175280e+00
8.427353727644963044e+00
2.960380746064272817e+00
1.184588152216401458e+00
1.292460639525421229e+00
2.391633471295438795e+00
8.255519118286503755e+00
1.036551440490862896e+00
3.272960117084874998e+00
2.707185857943013030e+00
1.354756198283185942e+00
1.102122040773755085e+00
2.876370288830316646e+00
1.273513269429235484e+00
1.285678013854663515e+00
2.922057973040445678e+00
1.219392624006052639e+00
3.864587613972855440e+00
1.410561936502209068e+00
1.516486445746580980e+00
8.907428866153843217e+00
2.564697912025133864e+00
3.014571356716237105e+00
3.378185094837341751e+00
9.244584581473700435e-01
4.876476119822402921e+00
5.251777770974866755e+00
1.358238391410862667e+00
3.837741911578253617e+00
1.166858166837347444e+00
1.564550545358522671e+00
8.550474760337346325e+00
1.199878348960790930e+00
9.551002800477608190e-01
1.535034083122470916e+00
2.213736480724443734e+00
1.374335385370516249e+00
8.214663466384877211e+00
1.063868886968176053e+00
1.689307520543965380e+00
1.531891274901526767e+00
1.456476978577497805e+00
4.650324543781138686e+00
3.088308466291221244e+00
1.351996353887278346e+00
3.197138642071076564e+00
8.164496834169824302e-01
1.755231508266969609e+00
1.786010653052984454e+00
2.569016697496327772e+00
5.374991194432761965e+00
3.358467216775483433e+00
1.140381855071458617e+00
5.676253610064684096e+00
1.553366713393675047e+00
3.704126012132186840e+00
1.392627801512773988e+00
1.176255605600727616e+00
3.645943367962199311e+00
8.465285905333869820e+00
8.983426401271200845e+00
9.027231894345688623e-01
2.338120606679041202e+00
1.429139845243530882e+00
6.057176761310185675e-01
2.311253548044294615e+00
2.310965798000310212e+00
6.094939519949972073e+00
6.933226098693185513e+00
1.191005093634555756e+00
1.715920880112391300e+00
2.756534248908241391e+00
6.128301644450598218e+00
4.014156117640661492e+00
3.483908289327675156e+00
3.864991671379083726e+00
5.533145953189227306e+00
2.754529164604853086e+00
3.023999159966315631e+00
6.047569084270707940e+00
1.001010812638888803e+00
2.032400683930257301e+00
2.745309856391615622e+00
1.138453157744291566e+00
1.248602832505248950e+00
4.356377112553567521e+00
3.625721368946155820e+00
1.326225945262180739e+00
2.961164885943225134e+00
2.732551377361536193e+00
4.644796745187843356e+00
1.123178063525597903e+00
3.054990360603934363e+00
4.339057287278451192e+00
1.089986270958991144e+00
3.190027349908492127e+00
3.101356514756395288e+00
1.177972105023924465e+00
2.119501359283605169e+00
1.607299677169436780e+00
3.228976870754495465e+00
8.220386730628808092e-01
1.104248809765660866e+00
1.013607651223674244e+00
2.742471613332004843e+00
1.277351005669019379e+00
1.420120298033119344e+00
6.338635450411666206e+00
1.278409402729905109e+00
3.476920635519592295e+00
1.758822117312665245e+00
7.711414096390983630e+00
1.879748062015158983e+00
1.633098473970076903e+00
3.647888126096892503e+00
8.840716507798738633e+00
1.915303537174605664e+00
4.385573676968596679e+00
1.063808381842652695e+00
2.254672841676851558e+00
1.768678571167118019e+00
1.006953145023484320e+00
4.290273941895314636e+00
6.771884173324830281e-01
2.487599060234550574e+00
1.561343467572452237e+00
2.134567979535166415e+00
3.083254365529627172e+00
3.385282896425268806e+00
3.347288246601355599e+00
1.485637775064007515e+00
1.640577104397880071e+00
1.182302226538703316e+00
1.265981972264143218e+00
7.730538705013612066e+00
3.413479732003979361e+00
1.133531776424706150e+00
1.947498649742411381e+00
5.985638351909045030e-01
1.238697717414585231e+00
4.896128898725680578e+00
3.722814488813653178e+00
1.642828556788406669e+00
1.005763324244513202e+00
1.149131874398720665e+00
1.100132801213902889e+00
8.815815000766218379e-01
1.107061600517342148e+00
8.885052414705118196e+00
1.299553358733538166e+00
4.039445138805073832e+00
3.858272452721841272e+00
2.587745463322542516e+00
1.889019476391165631e+00
1.713284309167396158e+00
1.215246499204292396e+00
3.329445533520491995e+00
1.499799795142189529e+00
2.741654925982854873e+00
5.409656047968977255e+00
1.672889421624534245e+00
9.598870211428405241e-01
6.159343460459030695e+00
7.907426121389139695e+00
4.116340246664369040e+00
1.487899125161187941e+00
7.140097849283849607e-01
1.387631953191596601e+00
1.791075314419243725e+00
1.241038263778210027e+00
6.059813417185949902e+00
9.257394512145854515e-01
4.162479769941973551e+00
2.560804149058265811e+00
1.381122201527217097e+00
2.031579673279083398e+00
3.741955608695125335e+00
1.933567604203046741e+00
9.249092831416483307e-01
7.950569739045945106e-01
3.351656516806960084e+00
5.764179089842001780e+00
1.561390263029210468e+00
5.642888312348323332e+00
1.343770160533397595e+00
7.464977180803795243e+00
2.568887947608858635e+00
9.745666471050398627e+00
1.216883813303069939e+00
4.433428353300169711e+00
1.969638053030159597e+00
3.786715799804313942e+00
7.657686510005780045e-01
8.097322291066146871e-01
1.217613714758217780e+00
7.181572246665909098e+00
1.600291392237566335e+00
2.460812078410401060e+00
3.428049632252297751e+00
8.089049731598254578e-01
2.387913419118081304e+00
7.090350127701890992e-01
1.377150514284221083e+00
1.921752439582645078e+00
3.531960890122253893e+00
3.923773840286359338e+00
7.653084054653926938e-01
2.791492765708885937e+00
1.351260568350906910e+00
4.381184104044367977e+00
1.276774088619125891e+00
9.865994724200842780e-01
3.511324870435736933e+00
7.442827556872012584e-01
1.187498233918308443e+00
1.496859658338299370e+00
1.213076280451713895e+00
1.202579672460884375e+00
1.816132621107224843e+00
8.238135502754404538e-01
1.831150274410843437e+00
8.672629104018323432e+00
8.269202392755945041e+00
6.108216848934818088e+00
2.771377774891553347e+00
2.617366268026338982e+00
8.992480275326281358e+00
1.527256859590913063e+00
4.492262409755602981e+00
1.466392583845652853e+00
7.918213660267852116e-01
1.603841638732911079e+00
1.617393440615217948e+00
2.714982363021504863e+00
2.771497365406913271e+00
1.978442100607107790e+00
2.025144015400524022e+00
1.162097315539563969e+00
2.597546777282992547e+00
8.284141923534171781e-01
1.606926405460958884e+00
1.653908747489699627e+00
3.249484693698606375e+00
1.142025745083058208e+00
2.371201630526767801e+00
1.609250884625254896e+00
6.819404175886567998e+00
3.773823994496709577e+00
1.106771591399440480e+00
6.283014668976889538e-01
1.598692625793927125e+00
1.009273428910518522e+00
3.905021176431929142e+00
2.430020373860916294e+00
2.373654843159520578e+00
3.904842698821628044e+00
6.176141390010593923e+00
1.680511697961207584e+00
1.931034415551248884e+00
6.058779368719927838e+00
1.658546830122845428e+00
2.542716291676115681e+00
1.223261528596513825e+00
3.030910512657272626e+00
1.363518917412143816e+00
9.280805410308964554e+00
8.321453881873953407e+00
5.993778758329448841e+00
6.160965617431977570e+00
7.971874684056039495e-01
1.949075152153872947e+00
9.085341350241368241e-01
9.742744983464211028e-01
5.424113317294725789e+00
3.529124507777407604e+00
1.479329945429479043e+00
3.440466989631720374e+00
4.885232351018816921e+00
4.631253705750424388e+00
1.304362468115672247e+00
3.415077660036756502e+00
8.773810525409064809e+00
3.757780030736679766e+00
3.020847430851934412e+00
1.894229140334416028e+00
1.806038488774136086e+00
7.689736023475728821e+00
2.832453921527076979e+00
3.209522121337953227e+00
6.441134275712300239e-01
2.578702666310616731e+00
1.691636811916069405e+00
6.876141894314240499e-01
3.524066237366593413e+00
4.523938304234943253e+00
3.779659214552788971e+00
1.979970739686349068e+00
2.866816187707247998e+00
8.557584014861358002e-01
1.838556267207754891e+00
2.271196688865638524e+00
6.789481077447736546e-01
4.579531072084813914e+00
9.792847497299720372e-01
2.063841162578401445e+00
1.040956456245906159e+00
1.307632915056998746e+00
1.948236146769402266e+00
1.669090416978656011e+00
9.457845080034741336e-01
1.683173552642643012e+00
3.691146702390402101e+00
1.096065975406725901e+00
2.580835432849190703e+00
4.009019558114037984e+00
3.530712407915163276e+00
3.334351636226286164e+00
4.578168289730915497e+00
7.795998650435561395e+00
6.786405066272918063e-01
7.692466356375718739e+00
6.425119193539981843e+00
1.076120172924457163e+00
1.728131473097430426e+00
6.006779636252344012e+00
3.440928430855541897e+00
1.449836374991416266e+00
6.914825814268506399e+00
3.070936093600034500e+00
8.620067576720440439e-01
1.368824487204139295e+00
3.343209284787070690e+00
5.986069768728389251e-01
5.965452919672099341e+00
1.981911829576209927e+00
1.488659400287533741e+00
1.056027774677506859e+00
5.104720896911456585e+00
7.016822324156646751e+00
2.610551513396165646e+00
4.792302752776377517e+00
9.014486886409603938e-01
1.161559832718216390e+00
2.139635623987167889e+00
2.507527806543767390e+00
1.328565066349975510e+00
1.065334316089609379e+00
1.204429207944946123e+00
4.984549181520123717e+00
4.085434499375516282e+00
3.652098490483726145e+00
7.704920184056065935e+00
3.393303026167837189e+00
3.038687701360313742e+00
1.168760842425969670e+00
1.416295583704261452e+00
7.362041617324740495e-01
5.584257490701911131e+00
1.354801014773401979e+00
3.232319979698042633e+00
1.696786479548760829e+00
2.212700210769576348e+00
5.398715771703423094e+00
5.095129337524196167e+00
4.977357787628054808e+00
1.771083227906934399e+00
2.320926693327461265e+00
4.776487017287927017e+00
7.914401900768220921e-01
1.118832102923833949e+00
3.161579344726034080e+00
1.523793667842441302e+00
1.614666698704667391e+00
4.036543956231753327e+00
9.221412280605296274e+00
6.643925419081323724e+00
2.340754687268173484e+00
7.493579296195168382e+00
3.729475547771977872e+00
3.025760764835719208e+00
3.005992919681127695e+00
6.277009698843706076e+00
1.467467447397438063e+00
3.722511187971139002e+00
3.939217611777146466e+00
1.470788504606679092e+00
8.143222039499750098e-01
1.306215640586805726e+00
1.672425194408525995e+00
1.223225463337390240e+00
5.211830258113876013e+00
1.112467189522132971e+00
2.536609631553928601e+00
5.995576870456921448e+00
2.555202762926152005e+00
3.121288850798239700e+00
2.542682306299362427e+00
2.695901173120576200e+00
2.375598170464878756e+00
4.306403669408065404e+00
8.642391698258963473e+00
1.413965222402491895e+00
6.498220596188777343e+00
1.824291428672027759e+00
4.459548166181584783e+00
5.522061351108640714e+00
2.705327708005385468e+00
3.384459079548022498e+00
1.182957617302746511e+00
1.157868960743780651e+00
1.759459776976039613e+00
1.588036710510766447e+00
9.531415478105182970e+00
5.644993031029272856e+00
3.953370613082236140e+00
8.549388193302119632e+00
5.634722006726581967e+00
3.616883418329047917e+00
1.331239873284314923e+00
2.307815124264281703e+00
1.181633024731734594e+00
2.970013582326748391e+00
1.111802400668382651e+00
4.468303961324910034e+00
1.496403672029943621e+00
1.132511455557612123e+00
9.162045437103088830e+00
8.752614403969186441e+00
1.764194669804590054e+00
6.446138400847835292e+00
1.025676308329618980e+00
3.392330395661153464e+00
1.669920284666535970e+00
2.476017457845418601e+00
5.122799695009130794e+00
9.967899068541598240e+00
2.582509205611267067e+00
1.252893108014974333e+00
2.803325876073016421e+00
3.991005008178627467e+00
2.046055222631085968e+00
3.089927272615101916e+00
2.562513538798236290e+00
1.008848332750317267e+00
9.707195196673167326e-01
5.082970952141193877e+00
1.819404007826533665e+00
1.043977161152543909e+00
2.876734580155848153e+00
3.992499710033575955e+00
1.343218111513271307e+00
3.460902128534525168e+00
5.522585582875136012e+00
5.900349774064250319e+00
9.496681839801841107e+00
1.966146054209627403e+00
3.157003400951148286e+00
3.888705349981551596e+00
1.889057012903473609e+00
6.051133078962651624e+00
5.386118573486771588e+00
4.652310249858365054e+00
1.677703003349015010e+00
8.581064169590701951e-01
4.321867582167318922e+00
1.331638269918811845e+00
3.406318835893941355e+00
5.765446758503666835e+00
5.712835863993591445e+00
1.342217955202601010e+00
8.012877932799199243e+00
1.777664827929766433e+00
2.326880303599244915e+00
3.656633761049133291e+00
3.408668283106320196e+00
6.406922936405135438e+00
1.803639962159623522e+00
5.442754291453926641e+00
5.509515589980226835e+00
4.022274716140247008e+00
9.515516806469920263e-01
4.246621228659251734e+00
1.746155160301815723e+00
1.745234235201583051e+00
2.871990043751955657e+00
1.014143891448420209e+00
2.713473647584299542e+00
1.183594688984993537e+00
1.368265872821220475e+00
7.367846746748303310e+00
1.840919060583009692e+00
5.515277077669373362e+00
6.410546262525350869e+00
7.245410911633799245e+00
1.227972543324738153e+00
7.837651677082980939e+00
3.124608752962432234e+00
5.584844853130138453e+00
2.793977447724787400e+00
9.951187754380200756e-01
5.554854819088838269e+00
2.656443514885721946e+00
2.026741302985776816e+00
5.839977085925104561e+00
1.511696712059464209e+00
2.051715359646418602e+00
3.805340073102302600e+00
2.309721537517185563e+00
2.873535248874123038e+00
1.559622932089377079e+00
3.133718329906406197e+00
1.822191865813173717e+00
1.225421639537360274e+00
6.063194372582671576e+00
4.848212063190930010e+00
3.365308855844701963e+00
2.782808650781536386e+00
4.856636405746869833e+00
1.172921160817564035e+00
4.682980544178758642e+00
2.035411322268471324e+00
4.278261404779564181e+00
1.667365360537011343e+00
3.107891996963429548e+00
2.407402841571541163e+00
1.363030991969806260e+00
7.168418337983986532e+00
8.751601025932527200e-01
9.096468283453591042e+00
2.862088405334714647e+00
8.162887994422533211e+00
1.484596688590716695e+00
2.530076575172079956e+00
9.970141111582359050e-01
1.152942837051063041e+00
1.495654132234677025e+00
7.336499321449013067e+00
2.014321349321186005e+00
1.592669554170698554e+00
4.338951038416177575e+00
2.628564576963747346e+00
2.886104930655349676e+00
9.752868665010673288e-01
5.735856515945239487e+00
9.252204961299314023e-01
3.552447400840793357e+00
1.983899418199041698e+00
4.208471617518229735e+00
4.412696036356895668e+00
1.489676699092852497e+00
8.364406969623043864e+00
1.074838785091848159e+00
1.348149784151584152e+00
4.060578743232827748e+00
1.975559007628732378e+00
8.665827878093528280e-01
6.249901196442977369e-01
1.532641957421964740e+00
1.868473674168543708e+00
1.210490787799185064e+00
1.333748450813366127e+00
7.700851424791719246e-01
1.445604565451128032e+00
1.369373912262929149e+00
1.324500098026699213e+00
3.495542205727009577e+00
1.006209124689033452e+00
1.178217100314570720e+00
2.183674714990420096e+00
9.830086831475723486e+00
1.261993657225858323e+00
1.562302221560873727e+00
1.813681625507686190e+00
3.001880109022382115e+00
4.170471836475774019e+00
1.923172046713845562e+00
1.033385053034458378e+00
6.495916695617268033e+00
2.618390139231522973e+00
4.405549732236572424e+00
8.907413663533095827e-01
4.238854978648952887e+00
1.856960701501503275e+00
1.271809332384895352e+00
1.276710629623111881e+00
2.141260411110991413e+00
1.494000179406471007e+00
8.506505925511282484e+00
2.933046220058338704e+00
1.082980329144944021e+00
1.933833279790157178e+00
1.451452602458999097e+00
3.429119655374524012e+00
3.192683976508095434e+00
9.169076887058121628e+00
1.401859441305460807e+00
1.963089492775533351e+00
1.623570115777464462e+00
1.320282072604357371e+00
1.297740478031569555e+00
1.491854598926818820e+00
9.607254567977312476e-01
4.634809907059987744e+00
1.772307879084559445e+00
2.710017231868351306e+00
2.950103959984398116e+00
5.431090457641015057e+00
1.149460905094195962e+00
1.344241480837448544e+00
2.830338562513020850e+00
3.251180597525179294e+00
1.228955542768869869e+00
5.906205952269676374e+00
5.039093732370853118e+00
3.121690460792570398e+00
6.624591535685870447e+00
5.437287191703580547e+00
2.699019226111694980e+00
2.186319063883195302e+00
1.685568104045572113e+00
2.513879284197519492e+00
3.447674286288625822e+00
3.202917125330400516e+00
3.065515708368864445e+00
6.519338633772073788e-01
9.614517894553898714e+00
5.036358045401454042e+00
1.028632307591765382e+00
1.045340327619735499e+00
5.256855687122008014e+00
7.502522914421375644e-01
1.704622698218180021e+00
7.656183868690735750e-01
4.683418641430892926e+00
1.076365542501674044e+00
2.790875208257909357e+00
5.015127271430730893e+00
9.923881173048666460e-01
7.343889583793516529e+00
5.242195473645665516e+00
9.438340101172098429e+00
3.031712907393590228e+00
1.090601591941950499e+00
1.321879994025576099e+00
1.398448260774574070e+00
1.138226843871206873e+00
3.961511845769457363e+00
9.876502221800577130e-01
4.068985873738412806e+00
1.079646368209651541e+00
2.956628714346853926e+00
3.950352099290241448e+00
2.627003290887954812e+00
1.647552660629578503e+00
5.293471595585812040e+00
5.467394943774938731e+00
1.386756384635705386e+00
3.505121002275598308e+00
2.763615029900384545e+00
3.669703123094115504e+00
5.419057517527957835e+00
6.505528688297146367e+00
1.141741542376703444e+00
7.756703076463870028e-01
1.568684820065441077e+00
6.167892255293604187e+00
2.776959006297123000e+00
1.707646144686188805e+00
2.212002206957014661e+00
2.739678200842062594e+00
2.971741504681230328e+00
5.739271956797511010e+00
1.445938456065457345e+00
1.827831175066654046e+00
1.122466767402266141e+00
8.156917944668995446e-01
3.525190479746858063e+00
2.573600072788257087e+00
1.942781981712111472e+00
1.269951809633645290e+00
1.218118336967191295e+00
1.517045476071573473e+00
1.144722856903390262e+00
1.089067574496340729e+00
1.354667478372721501e+00
6.511895111319506713e-01
8.385696320133154691e-01
2.449913753421039342e+00
1.260075796033383044e+00
7.473252656915133407e+00
1.631560814514993352e+00
9.961236919004634593e-01
2.591825256502672037e+00
5.552352220299566099e+00
6.203212335060703353e+00
1.616764450983768642e+00
1.656675104144071486e+00
2.033082648187014119e+00
1.501206545343885423e+00
2.560337335751377896e+00
3.667185887838659397e+00
7.074975565221800267e+00
4.097135114279618406e+00
4.384385554748936542e+00
3.541638236765763725e+00
8.773072157645416258e-01
4.463406765201236581e+00
4.415968029402525197e+00
1.400272408885671727e+00
3.734762858731597746e+00
3.800759916867578081e+00
5.346043659911402735e+00
3.813321570427240736e+00
2.898403017217444422e+00
8.968924347138546027e-01
1.332255765041317597e+00
5.618141045286145108e+00
4.705913173426735874e+00
1.217457198228403481e+00
4.882626491019829373e+00
5.700805115596175199e+00
2.670318119877946206e+00
1.262066916403518313e+00
4.761163937117992795e+00
1.295100785080625760e+00
1.063953597084691394e+00
3.753204808977179230e+00
1.317238011742304815e+00
1.617831463431735450e+00
3.102123142369682895e+00
1.330173778336758206e+00
3.568508145102196938e+00
5.560340637073448278e+00
3.517245580042772435e+00
1.507091745047989484e+00
1.237773770012531749e+00
1.799864085441804873e+00
1.492991838835941332e+00
2.931228516726156030e+00
2.606996548046582429e+00
7.631668703636690365e-01
