4.311028154479720209e-01 7.713223982926977751e-01
2.749785780641831323e-01 1.030119113317271573e-01
3.536865677519239748e-01 2.425551045875327105e-01
2.604908285453739758e-01 8.303637250133265590e-01
4.245341422872459525e-01 8.375112696386337596e-01
5.535640000403836414e-01 3.482545766919092900e-01
2.641798442091534138e-01 1.867003272251797075e-01
9.092592173741587125e-02 9.295257729300576699e-01
3.366481580671046858e-01 6.333335454547784904e-01
1.232751863688049676e-01 7.620897740251797448e-02
5.112063750745772239e-01 7.845284590386143453e-01
9.342818409126659729e-01 3.972458479039177037e-01
6.994212718465702139e-01 6.702353114790433608e-01
1.540841481958656889e-01 4.307838773394248033e-01
1.947531437503607910e-01 3.317447544081492117e-01
1.086613633501720688e-01 9.327312828494725983e-01
6.160352753029455508e-01 7.910432581485604686e-03
5.526688027038981765e-01 8.710784208887291102e-01
1.959706861519756593e-01 7.183389016030609087e-01
9.733914796768455835e-01 8.154677921903081828e-01
2.904061094910962426e-01 6.755775993909379773e-01
8.228311986400663747e-01 8.850510795848068879e-01
7.984115646478702200e-01 2.639174271014000928e-01
9.125956575165078410e-01 9.590879074752134414e-02
5.205931568851399627e-01 3.114002957628271284e-01
6.995481049973499843e-01 5.773263959061003536e-01
4.037129455982958470e-01 2.466969900455515674e-01
1.989038190577145926e-01 7.612467706653913702e-03
1.620713829491998714e-01 6.290358529957403855e-01
9.103597846945734595e-01 1.312150148184276777e-02
4.934891115847788168e-01 3.569958850228392988e-01
3.992808631738535841e-01 1.322148788353038062e-01
2.659440017716702132e-01 4.789465564536020681e-01
2.489387650133588759e-01 6.149746648409193384e-01
8.742338135255840470e-01 8.967413404902652152e-01
2.964712963993946238e-01 7.638092531649780526e-01
5.961354305734674064e-01 1.614574782644538908e-01
6.887144906355887608e-01 5.623882494171282831e-01
2.327122925607990611e-01 2.558870399710668764e-01
3.046517696490839144e-01 2.542281694756520771e-01
9.235572126365690915e-01 3.414394192180794096e-01
9.471655624847152843e-02 1.801047336410225297e-01
4.771830919898450984e-01 3.758471607195025266e-01
3.308523117604339481e-01 2.153428375233485959e-01
4.773470138506005211e-01 9.356720359217868266e-01
2.777171155101820776e-01 1.139397389132015270e-01
2.260060686577484157e-01 2.972208119503393364e-01
2.192901101642679151e-01 2.772360174510418718e-01
7.502811544695027202e-01 8.563528464989185185e-01
1.686434906435239078e-01 4.247495297431405081e-01
1.147688493874503557e-01 5.111674722393108050e-01
9.899467161451500630e-01 5.831504719123381530e-01
5.489057868300566412e-01 6.746060026192908232e-01
9.734426463331934398e-01 2.035451621650994358e-01
7.255783693805382129e-01 2.476570803465443227e-01
4.422031858762095480e-01 8.649220342328911570e-01
2.170415615665832743e-01 3.083720203107910285e-01
5.697221908855746308e-01 4.935035598168284743e-01
7.494382458612400821e-01 1.846140448348478902e-01
1.344324634055944490e-01 8.159697883810655972e-01
6.848767920135000464e-01 9.297118544021615305e-01
7.652667672818002087e-01 1.398041052497031034e-01
3.944294118659563697e-01 7.867215977679152816e-01
2.578880672432929400e-01 2.166427891961890673e-01
8.728873554874662100e-01 9.865555404175938570e-01
8.901034221354732212e-01 3.254818468646448748e-01
6.737269677261296108e-01 4.056155970950288125e-01
2.336596411650310179e-01 8.963542083823962114e-01
6.628792304980940520e-01 2.192011165368971115e-01
5.586662897470392464e-01 6.016459161240840237e-01
9.080220354003484262e-01 8.152215721908784296e-01
6.408593366617389986e-01 8.978409490519431158e-01
4.335820803882847185e-01 7.353774120298918193e-01
1.726842153457250895e-01 5.915207644065113568e-01
8.751352436151166314e-01 3.657688558885151542e-01
9.598827405922322198e-01 2.730036483443665229e-02
8.098922358402947941e-01 6.068872890343682824e-01
6.509258900974724815e-01 2.376159904846667503e-01
2.978418973306262707e-01 2.250070606719036803e-01
8.686151030796807060e-01 2.278824623330089061e-02
4.776754248404704306e-01 1.989611494386087642e-01
2.019163404736795675e-01 4.156881591492312955e-01
2.921793563390621129e-01 1.774417534642164229e-01
7.610475738669866264e-01 6.914414891554911957e-01
7.725696493034572843e-01 8.327000182986280530e-01
8.980509575765022179e-01 1.406213822460078422e-01
1.121083369487303472e-01 5.097741591994690014e-01
1.798721729980874429e-01 8.675975081426653412e-01
5.712026146524412651e-01 5.034381656343657196e-01
5.839648966112498396e-02 1.816841568626159642e-01
9.506291581846844085e-01 5.187031624296100096e-01
7.373731753422138047e-01 8.111988586294137660e-01
3.343258038350070960e-01 1.466903434865642897e-01
7.594709770143311944e-01 7.667579105460857747e-01
1.170486175764759995e-01 1.674491971315213990e-01
6.241914687215807112e-01 4.222654812709059069e-01
6.425269982244379285e-01 7.671913359701605373e-01
1.635252956604348329e-01 5.539615227965110078e-01
7.759715073507865712e-01 9.892637107893741399e-01
2.034277472275676235e-01 3.266991165662352925e-01
1.717470848828329677e-01 8.907930848754772590e-01
3.963824691695353453e-01 7.209042982767127627e-01
3.844350016851395546e-01 1.975201862991059487e-01
1.924021330935862251e-01 3.370393452484687913e-03
5.218050215411305093e-01 9.520458397869722145e-01
4.990456386248737219e-01 1.812481318732119817e-01
8.723246946251179690e-01 6.550376958665378169e-01
7.509952173847389556e-02 8.121711360187698903e-01
7.185182548989551554e-01 9.883435395913082733e-01
5.681814994904716976e-01 3.994397295723703945e-01
9.011119437550503264e-01 6.372234099324813883e-02
5.060089558494096362e-02 8.261262933808144471e-01
9.472668045995679131e-01 2.111722055430598211e-02
2.466415130004470102e-01 3.113842412770914114e-01
3.235458312573447071e-02 2.287651322527515241e-01
9.455498943508947596e-01 7.727165981992176746e-01
6.521235798777220705e-01 6.310788015408589358e-01
7.504855669737406920e-01 2.354178872098017239e-01
8.322129165066818324e-01 6.028366938623278548e-01
6.404047667547363432e-02 7.695698399338223306e-01
2.567061425513241790e-01 8.058761871143120814e-01
5.029839799706249392e-01 4.584351104140186317e-01
3.849914247156189795e-01 5.152120729130238441e-02
6.700328528706260833e-01 6.699854254997862357e-01
8.520281665836515472e-02 6.714368892452177162e-01
5.169571589902450803e-01 5.065856391861806030e-01
1.726467005268318422e-01 1.807335765028176278e-01
4.231970611307033225e-01 1.539574283599206561e-01
5.997388661712674818e-01 6.603499664161592841e-01
3.274594051551205087e-01 8.399803789306605761e-01
4.388391021927722235e-01 8.499911068734743447e-01
8.637827170293592705e-01 1.300332105889991929e-01
7.196124845008056159e-02 2.592225537820728176e-01
4.167343912471991318e-01 2.983172005789480608e-02
4.986878790525067773e-01 7.496547469152590182e-01
6.562232335932063343e-01 3.653824970786336834e-01
5.006333861570757549e-01 4.895636289502396377e-01
5.561825999672072030e-01 1.410865014789400851e-01
4.335039308894512722e-01 3.212227422721131154e-01
4.930532493938422078e-02 4.383280992208209437e-01
6.193610277026151412e-01 3.821489720696685799e-01
2.429014166878881165e-01 9.862644254083619000e-01
7.418799776877814667e-01 4.554022160280302156e-01
1.701488141892660844e-01 9.775054826758164950e-01
2.906070630799425514e-01 9.731931918368535994e-01
3.333330919567071282e-01 6.820352347584562880e-01
1.250722700997295433e-01 5.741968838642914630e-01
2.132351137061306856e-01 1.737517781532463834e-01
4.378720837994209969e-01 6.806154732204037217e-01
4.994646586832323099e-01 6.825160090123351120e-01
7.739033279987749259e-01 4.426206166759650840e-01
8.603687820694799759e-01 7.941191707764542196e-01
3.098756427895121845e-01 1.147782175155487305e-02
8.414261400969885729e-01 1.517257010488031188e-01
8.174856624066673128e-02 2.225132511528007395e-01
8.049491597782555408e-01 7.985221972097304999e-01
7.707832729965415908e-01 8.938323415192487298e-01
7.827245821825965510e-01 5.215782294977427958e-01
2.893820332085133007e-01 8.147823664358576634e-01
8.504833930586770396e-01 7.918735022786185240e-01
7.969485940290635950e-01 6.691242823399412565e-01
4.387439781691163665e-01 2.814347418531266687e-01
7.421587623295716751e-01 2.537501239655635121e-01
1.614422568592747131e-01 7.748410261564991908e-01
5.296807175604290041e-02 1.232824591838810324e-01
4.519842193954910492e-01 5.558379272630578072e-01
2.062757410995119667e-02 2.004753918329684748e-01
3.098008129140689126e-01 2.497073940379610502e-01
4.383412005144572410e-01 3.124899795525277746e-01
4.219313165281235456e-02 2.804618243094595398e-01
4.067983773650535317e-01 6.999468291908960138e-01
7.218151146770138693e-01 6.341282026541925632e-01
6.705871211597007608e-01 6.200335219431887257e-01
7.796926917073545571e-01 7.387999302186845085e-01
9.271671652719882806e-01 8.662265593331233138e-01
3.634049903537465154e-01 7.776193410512578508e-01
6.824469681184615055e-01 7.594805456426678703e-02
4.682284000403976743e-01 5.129149371945301850e-01
3.232353310110485101e-01 7.294593606412882458e-01
5.908735028121971933e-01 3.905174948218558262e-01
3.526983645448977800e-01 9.015431000441005427e-01
2.761998781544391379e-01 9.790000731059407268e-01
5.214065831629709491e-01 4.155761371055404219e-01
5.072815280898079759e-01 6.320547997868746215e-01
8.861881893301454260e-01 8.947432214311226151e-01
7.564167328452562344e-01 4.730586840619422917e-01
6.315639930248539979e-02 2.254079763708496387e-01
5.899261278005768494e-01 7.092881581017551618e-02
6.640609707105444848e-01 1.070050987637970463e-01
5.403442347290507985e-01 9.518635496924487960e-01
7.959610270933585863e-01 9.400119721746202917e-01
4.480234204721401658e-01 7.661445855059036969e-01
8.910746190555576263e-01 5.679197588693797316e-01
6.475710889900058165e-01 5.858112292124395548e-01
8.784285776311029359e-01 8.199921113048904697e-01
5.145052436861146106e-01 2.938655329884111156e-01
5.279473183097296296e-01 9.491464196427261690e-01
2.155632401747200610e-01 9.410577535342239397e-01
4.874061247447522005e-01 8.695486368429623525e-01
2.825374135022070687e-01 5.355845345782410671e-01
7.984024562292698635e-01 7.192604135347325789e-01
4.453878934166948245e-01 7.528610154312773695e-01
5.510831632210070330e-01 5.156486245090626808e-01
2.205142483112753071e-01 6.232247529103031036e-01
8.667924599020765397e-01 4.377711433884802217e-01
4.847979766183219130e-02 9.439980373892393750e-01
8.116151061858434268e-01 2.791155297100211818e-02
9.869707447857110072e-01 2.050057488645636861e-01
9.634311870041217807e-01 9.134131649060861502e-02
9.394245517867338968e-02 8.901218746702855844e-01
2.705564444074870512e-01 5.198917358863724969e-01
8.797747931123034437e-01 4.186682154773135878e-03
2.963396695879837450e-01 4.847782625071638263e-01
5.668809602617614907e-01 1.075375279683498109e-01
8.192347504096471056e-01 7.380760581469202330e-01
6.858569136133646493e-01 3.468586945841306557e-01
2.448632927805267645e-01 8.637435634234466031e-01
4.645277148474502571e-02 1.587410006311260613e-01
2.999195139066487270e-01 3.871716626978419784e-01
3.587658849442298958e-02 7.559845249503063247e-01
3.321047119670402781e-01 5.129742938356817161e-01
1.675213738463549040e-01 1.128586634569950231e-02
2.506675235933040202e-01 6.703003040485902009e-01
1.938967326547861303e-01 9.283714613143337901e-01
5.217546833611240720e-01 9.389198418249852240e-01
3.133404278867506498e-01 5.529780897650500293e-01
9.503114575076554438e-01 8.685229875315580994e-02
8.452717465936508967e-01 5.886843680058438943e-01
3.999616018623768365e-01 9.331910560354665929e-01
9.638662124532982878e-01 2.342121372974185212e-01
3.790416169794768031e-01 5.863774499132499152e-01
1.042346473571152954e-01 1.534401139487319154e-01
2.441928028911375392e-01 5.879048484238287298e-01
2.344256303091645233e-01 1.685108810240159016e-01
1.917231337464058161e-01 5.433279794764805937e-01
8.551541312391230942e-02 7.229504861102837854e-01
1.956753918485182320e-01 2.233253775861137047e-01
4.860649320515778582e-01 4.263539682349534177e-01
2.986303338531682838e-01 4.192793247421640057e-01
9.226689673361859745e-01 4.774838133110201888e-01
7.248028179351144740e-01 4.977403231160675290e-01
4.555010758377093794e-01 9.799222917387285792e-01
4.869014195884902030e-02 7.956390063715690353e-01
1.444360155065316231e-02 8.578328816658045142e-01
8.669856154367325818e-01 6.007448519978669799e-01
1.313442728929467007e-01 2.295052556711387748e-01
5.898364436728671389e-01 9.976272522292041200e-01
2.924022924603822959e-01 2.890785789177435783e-01
2.097538721598536382e-01 9.391657276607758842e-01
7.078240969644731262e-01 9.335662645163974593e-01
3.477290331217086639e-01 7.156388076613086069e-01
1.788431302504743803e-01 2.242916272413567613e-01
1.668304129955384685e-01 8.986284620369396903e-01
9.949074846085717017e-01 1.295133839724725844e-01
7.253606190494779060e-01 2.385856622613246047e-01
9.728121320729649080e-01 7.599627910802375652e-02
1.818151318855895093e-01 7.889184570899487881e-01
5.950830953123177336e-01 6.714920535174879745e-01
2.712428316829266217e-01 3.971428619308248198e-01
7.366613537431774272e-01 8.091545769084563799e-01
2.249467574611303533e-01 1.442840164297544137e-01
9.298221936941324373e-01 9.196176432863355510e-01
3.742309961045257038e-01 7.619504719235948853e-01
3.526156262922300888e-01 3.209502859243099637e-01
8.287254577343883266e-02 4.997591174378624990e-01
3.814888401748758318e-01 3.429562128318561776e-01
8.265717093294144835e-02 7.875241710120617356e-01
5.531560050170272191e-01 6.786001268523814689e-01
4.522885278505794915e-01 3.004881891341271150e-02
4.162089410222147290e-02 2.549548904383347470e-01
6.262317934873159464e-01 4.964594126817856168e-01
7.322628380776576851e-01 8.335317107680619841e-01
6.588695625704085179e-01 5.024986562091784403e-01
4.638991528071136905e-01 8.071842554849664175e-01
4.662789887398792743e-01 1.932860365338978648e-01
8.610526115801474534e-01 3.483096302428135838e-01
2.998783753507036076e-01 8.185531539750330321e-01
9.813091092971863993e-01 6.107466735619609954e-01
2.722542862531834862e-01 9.516924699384563535e-01
2.157271178502762066e-01 4.688296965302096719e-02
7.888115467825270732e-01 3.986728849495253524e-01
3.952498725291069270e-01 2.758276331793726444e-01
5.143822706879468409e-01 7.875268323300238515e-01
5.707370182894699884e-01 3.103545949131497617e-01
6.008136530803872555e-01 5.172709488954729817e-01
1.986684737487975916e-02 7.490150502179869774e-01
2.428219048071953434e-01 4.016333045794141521e-01
9.947313469414913456e-01 4.274651704171785749e-01
5.446850639850481235e-01 7.225299758749489376e-01
5.599779005181482194e-01 7.582536577875991224e-01
5.286328227974590455e-03 4.948621329881870423e-01
6.898525255013836510e-01 1.779691327923565991e-01
6.133629350532336932e-01 8.717453178929969182e-01
9.023744786027910747e-01 4.179151951845616608e-02
1.707156483589676865e-01 5.285236555697563343e-01
1.919999450780831562e-01 6.966735308209330846e-01
9.971806021962640321e-01 9.011326156797864195e-01
4.345597531118765566e-01 9.706173118509258124e-01
3.742274753988955593e-01 7.079092374006862309e-01
6.391653162518076137e-01 8.616175708167372882e-02
4.318756164370984862e-02 2.623663752128452265e-01
2.894917824334045653e-01 3.911688789585830994e-01
9.121124605858410561e-01 4.390398379200515233e-01
6.576369933749135477e-01 5.899851770144678431e-01
1.387854138507876867e-01 4.154045335327866129e-01
1.406595120681817246e-01 8.648570925207186288e-01
7.031898388550271717e-01 4.552401051651047137e-01
9.003765088919646331e-02 2.435910722917044025e-01
7.770704659785259150e-01 2.483731759460217070e-02
2.078426859774787916e-01 6.848224193916888636e-01
2.351563199940468474e-01 8.599077710815181685e-01
3.237696264992557804e-01 5.571284610167478446e-01
4.381728629628999228e-01 4.439882895558333598e-02
8.405140281416739745e-01 1.429479892144570607e-01
9.750097247423020752e-01 2.744359938037310709e-02
2.127281983588835690e-02 5.154131858736297200e-01
9.444626123945518703e-01 5.659814766867223845e-01
9.073776840231984053e-01 6.476422571084194946e-02
3.400446687628330134e-01 3.320276572152622840e-01
4.240633809374968477e-01 6.445150208519634383e-01
9.953084715909927827e-01 3.855670439854302911e-01
2.837237094885463051e-01 8.515123809626999885e-01
3.709916923526084265e-01 2.722138727448621953e-01
2.464422056400661365e-02 3.123716927356157136e-02
9.296368270231767372e-01 5.626789809337064963e-01
7.531044783904945472e-01 2.557144062625825720e-01
5.432557508978326233e-01 6.695485598482814327e-01
1.294026716402310040e-01 6.345329929036214178e-01
2.020467191987351807e-02 1.455665581268138498e-01
1.842895179291023089e-01 7.004236326016940462e-01
7.600259059789077343e-01 1.140418813015949828e-01
5.697464508966609831e-01 6.360692782745792639e-01
9.920652746038427505e-01 6.957681185375328425e-01
8.605538541570918465e-01 8.700033695162077141e-01
5.958933125285570398e-02 7.387312308636284630e-02
2.899928809497945847e-01 2.954028384366162996e-01
9.649336533409991201e-02 2.334901951115871954e-01
6.898989399894694952e-01 7.932906015372497288e-01
1.308677834723502853e-01 9.634398140247464326e-01
2.644263774355712915e-01 7.936086967276166915e-01
9.965062026490264513e-01 5.688856478182755527e-01
4.811255720219936860e-01 6.227960596556298967e-01
7.176706701181505554e-01 9.950630673441106522e-01
6.478706943150247533e-01 6.047265464946183222e-02
8.400602687416958148e-02 7.003488288093806524e-02
8.695695551958831926e-01 1.203086183407451326e-01
4.255319587696267947e-01 6.375509737095035323e-01
1.882454710979067913e-01 9.651358695586745862e-01
2.223531282997898151e-01 1.542950668286302562e-01
3.996515691200620557e-01 7.234328704499977114e-01
6.738904542283169485e-01 2.601503397046441846e-01
5.886906728016372270e-01 4.753270783821126333e-01
6.790463954198852070e-01 5.737769624953762415e-01
1.932250460046526230e-01 4.720763501270448526e-01
8.485641241396798540e-01 6.201193937722727645e-01
9.379857305672412160e-01 6.187339465562757823e-01
2.273796011310716958e-01 9.093124128963753217e-01
1.919421102891705200e-01 8.128660308502521081e-01
9.535159414908825903e-01 2.140556627639925713e-01
1.831880114329470510e-01 5.731930138319270007e-01
9.990929580718720393e-01 1.787790143562986156e-01
1.479533192430194655e-01 3.033009218841790089e-01
8.606803280668740008e-01 7.953214586404879771e-01
8.615984358342511085e-01 2.881891088296706371e-01
2.201843750221613716e-01 2.797330675054077176e-02
3.475432949634551516e-01 7.171618631970767543e-01
7.625351563924955833e-01 2.689742457577055657e-01
7.353141853841372866e-01 6.870482876620255253e-01
5.610200929856146157e-02 1.258547017513245159e-02
3.892810302673483935e-01 6.728363417631380017e-01
2.503674650673347601e-01 5.961081750389340961e-02
5.483620273389478994e-01 1.408560590227645459e-01
7.320858767988511762e-01 9.374752987739917165e-01
9.212283615770926470e-01 3.934872221314403840e-01
1.706946483304345730e-01 6.268108953545397100e-01
3.304748378621935601e-02 2.975333887871168814e-01
7.742545949080513745e-01 2.099913949319782702e-01
3.583024313872071875e-01 8.257346267137767315e-01
4.830740422711546911e-01 9.477622370374050309e-02
7.102365797965572991e-01 7.455488265634990785e-02
9.216168171096142947e-01 2.023004163978624481e-01
3.253983758922024405e-01 3.933636589816228435e-01
8.681829302614035848e-01 1.819608929696481248e-01
6.433126312473242958e-01 2.215132569628798231e-01
3.541420326644189043e-01 2.808368447599374207e-02
9.091064663204839746e-01 3.317443981241835482e-01
8.837970529958416588e-01 4.714235941702296095e-01
3.003588092962923284e-01 2.321098071311850086e-01
1.816532807127234639e-01 1.388371867349842415e-01
7.937656317905659176e-01 5.426998255903890955e-01
6.572408687796624793e-01 1.763292231233648533e-02
3.508889829018794204e-01 5.546449467846339410e-01
3.908152462787728432e-02 7.953147034713555774e-01
2.765533406007308903e-01 6.897555035920618360e-01
7.743517936622323905e-02 2.544179453758541598e-01
3.916816237496864028e-01 3.636434582241067082e-01
4.848108228091717598e-01 1.618366376464897005e-02
5.853864227283311905e-01 4.767384699442410723e-01
4.035494244587294332e-01 6.727755813088467374e-01
3.119501018335747444e-01 8.225269729773825311e-01
9.612508494756257793e-01 4.223953428414648492e-01
7.303177582955181490e-01 7.223797240356875093e-01
1.781384282714343348e-01 2.639560186147474896e-01
9.097572831868242504e-01 2.146717096827908122e-01
5.851880455368726475e-01 6.001641984242868100e-01
2.955469502415719596e-01 4.761252947859410112e-01
2.204853542399982658e-01 4.374794403773384355e-01
2.595245006230028073e-01 8.260053504465774132e-01
8.234746339763403533e-01 3.561376461731292631e-01
2.330796261537578795e-01 5.041677570340202807e-01
4.100312947541504549e-01 4.056433951732008047e-02
5.117887538703729255e-01 3.178737908246354049e-01
4.984608588550412112e-01 2.708153205641610217e-01
2.595817672169838941e-01 7.607983345868454261e-01
1.612817212941765055e-01 1.912953760147380056e-01
9.236552057993493436e-01 9.063138051761416847e-01
5.056285606080725969e-01 4.530492938407887360e-01
2.625224805214232404e-01 1.875347742391272332e-01
2.084662934355283603e-01 6.972894826801491197e-01
2.649790228693810201e-01 7.828607085582952596e-01
7.073661107496510558e-01 9.970669595099213023e-01
6.696269759886352979e-01 6.884462750071924653e-01
4.689710492825840404e-01 8.605923983096341878e-03
3.433835478576026112e-01 5.037927958528573003e-01
4.357408567921330356e-01 6.990449913924290382e-01
3.066205780693046501e-01 2.375644955450714191e-01
2.683968593517630508e-01 1.273561929419145811e-01
7.522044159440551825e-01 1.352002677727687230e-01
3.344397938964409622e-01 2.605715445162690713e-01
7.380846557367773952e-01 2.609000535750737315e-01
4.041932445847395972e-02 2.742727590594166154e-01
5.653527485404428177e-01 1.894938667972806412e-01
5.607162009629342858e-01 9.495230779921305375e-01
6.642251278166499961e-02 5.704265150607523704e-02
7.024792843313593105e-01 8.612202830548658650e-01
6.671510286698912884e-01 2.399378982676825256e-02
2.783059763659672114e-01 8.796076588038193034e-01
6.665220162291676242e-01 3.393431431844583512e-01
6.041352176784325900e-01 2.771861862368065754e-01
2.410779708593406845e-01 1.854766005022082664e-01
5.617816047305962401e-01 7.855360163376396976e-01
3.522580593346542610e-01 2.795603316066251898e-01
3.790857852400086880e-01 2.969113961778970801e-01
5.916492142083845662e-01 3.013606802281078023e-01
6.005126358032980560e-01 6.029038278937989270e-01
6.075651527948864317e-01 2.098598036677263856e-01
2.318796660891212502e-01 6.274540846248909398e-01
7.785451009604671402e-02 3.556763746345420474e-01
4.957712271399773440e-01 4.434739219243647446e-01
6.169204369084020367e-01 2.062990468587810877e-01
9.824415969473546673e-01 6.871674839443644434e-01
3.954683640744283135e-01 3.374827747922068966e-01
4.748098268449282289e-01 8.839134035467564043e-01
5.755056277853121127e-02 2.509702415710115542e-01
6.802035581490728511e-03 1.775423538092563147e-01
5.320420159765760770e-01 5.800402119240873899e-01
1.479036442976154886e-01 6.478846219539973195e-01
4.810882111087867452e-01 9.092823883624687742e-01
3.665655054418897052e-01 6.843101829341895481e-01
4.470319704031211483e-02 1.426492713557683256e-01
7.913655625578450703e-01 1.122311788582195380e-01
5.030389902203419306e-01 4.224403207120983605e-01
2.328279023985310170e-01 8.528354233635300208e-01
4.900673425908279590e-01 3.948933115594773779e-01
1.627880959454234278e-01 8.437663830908724849e-01
7.494758637665567269e-01 9.154724925072287300e-01
7.315701780364554097e-01 4.766874472258413320e-01
9.670021981952581225e-01 2.784469583112154645e-01
2.164993957746887965e-01 9.313844903097110439e-01
5.146266765508789032e-02 7.540171412934164596e-01
7.374422262761424207e-01 1.780474368864931600e-01
5.847271195646889241e-01 7.055544891357009574e-01
8.581172348487343671e-01 2.134708082496125092e-01
5.668300728044999293e-01 1.520913036773349214e-01
1.075409952242704081e-01 7.368494316887370665e-01
6.007152749893718280e-02 7.883543338152874114e-01
7.312541201328871532e-01 8.432616491543862836e-01
9.263757275981376882e-01 1.276733822976603427e-01
8.924319907435646071e-01 1.843394522103151134e-01
2.526622549200935319e-01 5.752234394386183114e-01
4.672198102894802307e-01 6.189016651780085976e-01
6.577207135914034941e-01 8.522019658841578638e-01
1.553799588905419027e-01 1.313252992160867105e-01
7.442665382618970371e-01 4.164535541363857396e-01
9.524032114405409644e-01 4.346159480353539717e-01
1.838008197704926738e-01 7.378265364768687995e-02
8.509548852356108029e-02 9.284800469196156092e-01
2.842883006623740938e-01 1.197636363982751417e-01
9.371405738889349024e-01 4.896840293832815938e-02
3.517035139542715738e-01 6.893381016423824059e-01
2.475598903286421182e-01 4.605331289801118944e-01
8.420518842597705111e-01 6.288653559161544448e-01
6.190415435889803364e-01 5.169152388787975339e-01
3.937600503960525522e-01 6.636914492560159751e-01
8.783503655066340343e-01 4.148341513795154034e-01
6.623809522448415033e-01 9.915193806489089878e-01
5.750921913824198484e-01 1.380420782521827316e-01
1.054409408079592936e-02 6.981724937497989503e-01
7.712224245157407454e-01 5.593900065255196230e-01
4.881305959393473781e-01 5.300897768017902578e-01
8.027977476998384709e-01 5.358664181204564336e-03
4.951136762557950544e-01 8.005356684054055760e-01
6.394617818916519258e-01 2.447952491949100251e-01
6.017562150081107175e-01 9.477723884070436977e-01
4.256520566641099901e-01 2.217765840008804057e-01
7.962240090481875754e-02 5.264587024309634877e-01
8.116639408314485493e-02 1.712846979011107829e-01
8.727289121960725149e-01 2.689152870438901166e-01
8.095920154138428471e-01 8.692601136921741523e-01
9.687007836293773932e-01 7.247789275505420736e-01
7.609497052439501141e-01 3.600158860823863272e-01
4.004676831951237137e-02 8.215280330697439792e-01
4.470924033540979448e-01 7.262952368185212615e-01
7.833278196872912602e-01 7.802161560361796644e-01
8.024842067986851513e-01 2.514274460681024115e-01
9.535056024853505452e-02 5.728877886513650264e-01
7.800182005141852448e-01 9.519362126040521455e-01
1.382030471905396629e-01 8.733925116939743605e-01
6.022227476194388363e-01 3.728287326071847430e-01
4.665080619229354797e-01 5.982403258529862544e-01
8.379173405475653924e-01 1.399804804776891842e-01
4.571126597452801477e-02 6.367674425790830206e-01
4.971832501301035601e-01 3.644384949033352417e-02
5.431171514988918370e-01 2.060875656048823945e-01
4.832104048363602411e-01 2.672526557800912750e-01
3.568851893004297837e-01 6.530342924358968348e-01
3.704761217265984952e-01 2.066324587646106714e-03
3.418109694810748111e-01 8.113468404736099426e-01
6.848082260473625782e-01 5.060912653674667361e-01
4.499055045394633190e-01 7.092724146915079242e-01
1.166381116791357364e-01 5.586490107941634031e-01
8.413802333846621684e-01 7.477575281883752645e-01
1.418546349180738186e-02 3.432628593624517110e-01
1.489034643633785349e-01 2.285373996084083537e-01
2.994669244740237879e-01 3.615727543493895135e-01
7.864374642549942784e-01 4.801790396154290708e-01
7.798011719820081566e-01 7.288030937089522432e-01
3.969123031486228026e-01 5.703907047547629450e-02
3.962486645027988308e-01 9.649308153642975894e-01
4.984721747081556353e-01 2.804504962385333533e-01
9.473909105049362900e-01 1.249492450643452379e-01
5.284172283468756559e-01 8.268068251903634147e-01
9.732019860791073507e-01 8.263055736053115385e-01
8.266306057157377651e-01 5.973290059487140757e-01
4.234439364045301524e-01 7.710110804487431135e-01
5.721736897210031314e-01 1.925051402097769371e-01
8.605097960059578943e-01 1.880620518116852269e-01
6.355730552896243779e-01 4.523463021347540192e-03
1.543370107612684894e-02 5.308914280578214129e-01
6.153671728567666754e-02 7.074526999565788898e-02
7.904766042867150677e-02 5.641347855025646840e-01
8.375138567545037382e-01 4.964378015087623774e-01
3.135575672445325424e-01 7.079138103433227913e-01
8.811053410352582826e-01 2.173063262474198565e-01
2.593674721645379266e-01 9.981665419410945539e-01
7.738771466599267956e-01 1.422987234828375636e-01
4.282254348222471751e-01 9.270782339928929083e-01
1.726381335014132157e-01 4.970418044832156657e-01
7.410586866091661840e-02 9.587908121505706038e-01
1.777621582203214867e-01 5.456512792815997326e-01
9.589595001597165380e-01 1.467816992517001484e-01
8.060949637896275277e-01 5.513123301972399082e-01
8.051779198997810472e-01 9.654135486089887586e-01
2.206576429621036617e-01 1.756355505426545616e-01
3.888236385269767670e-01 1.610601140695661071e-01
3.343182988912717368e-01 8.645033652648733691e-01
6.469500218485102483e-01 7.486650692445835364e-01
1.258677988761974786e-01 2.012689715754190090e-02
2.531206916011905506e-01 6.393187445068887476e-01
6.698949589665311732e-01 9.370199661725275853e-02
7.717066742793563527e-01 6.130416935781546339e-02
6.128628273905212254e-01 1.307816493836155836e-03
4.959477234891507269e-01 1.312866490165025546e-01
3.895639230894017979e-01 3.390982242878810560e-01
1.151644729546575929e-01 1.437306948429672993e-01
8.754477893287625490e-01 1.234098995556112133e-01
4.608154424090039614e-01 5.306268725230868233e-01
7.280752177600265940e-01 2.000343315465151761e-01
4.656090847886886763e-01 5.861328605104425549e-01
2.423432711433333164e-01 2.997217310937243528e-01
8.260731138301030674e-01 9.203880263429287112e-01
5.162429831369195199e-01 3.730728174182044166e-01
7.889567081655868286e-01 7.236572983490874300e-02
9.359436452428416819e-01 9.924728690616907434e-01
3.385646973975577900e-01 8.364282230194437506e-01
3.621281227846562256e-02 9.935008558011294566e-01
5.480115935315192921e-01 9.501484453489899007e-01
5.940921183006684370e-01 7.064869777523770100e-01
5.135891105607529594e-01 3.000920684804673222e-01
8.222916484997560005e-01 7.293732307885286703e-01
9.287062400554824126e-02 4.617200738847115904e-02
6.228750119575214850e-01 6.362277941071384779e-01
3.589976514109095573e-01 2.994647286160412314e-01
3.780955269540311470e-01 4.391440461956053198e-03
6.373152793616710943e-01 5.513205667008258537e-01
6.430609967762561663e-01 3.036624894426384058e-01
9.103816772175995498e-01 2.782086826342011765e-02
4.956357342537844879e-01 5.384302778297120895e-01
7.614341292157785768e-01 3.738005073207160134e-01
1.278107846216263166e-01 1.486376388357107947e-01
9.748496212094743818e-01 7.560921956496569063e-02
2.316129949302478952e-01 9.932761456439831438e-02
1.953459245363960983e-01 6.590004250101537675e-01
2.130631753378365856e-01 9.127728943397108718e-01
1.432933662506254979e-01 6.644196226649972115e-01
5.097463084712565706e-01 2.461042874732031205e-01
8.381505627492392696e-01 1.813250934058705521e-01
2.639016589766685073e-02 4.556767453456649353e-01
3.683314207831290821e-01 8.798571160102975908e-01
5.542815041525746000e-01 9.574115674907406337e-01
4.669696375377178077e-01 4.783647549752011452e-01
2.699381593744315522e-01 2.676919920039246836e-01
9.897117247517283056e-01 5.059591519635956436e-01
5.728891206617729992e-01 8.755855942054304730e-01
2.337880842177822993e-01 3.235205277832288173e-01
2.246834040268801402e-01 4.779314932501926849e-01
9.300337693725853061e-01 4.649291104711279488e-01
9.029728348953480754e-01 1.773966294228411789e-01
6.795366346769130539e-01 6.726705541845766634e-01
8.304519918975908910e-01 9.600102350507656590e-01
2.793146888534702166e-01 9.011213526297617848e-01
4.548090508623438000e-01 4.130138036030984727e-01
4.123358580661662387e-01 5.838347890925605910e-01
5.498809759907471451e-01 7.226493558261826156e-02
3.692966777775679166e-01 1.007384068705405866e-01
1.784111659722983356e-01 4.469030222015164533e-01
2.698704218071514838e-01 7.335568649105972394e-01
9.426458382066924546e-01 5.138870226581234713e-01
5.508345724626604323e-01 7.072748837426460211e-01
3.345286949400045895e-01 1.471149407340510695e-02
4.781545358453488381e-01 8.112363593957891972e-01
5.838970432663832533e-01 6.210082771720214501e-01
8.120634103849717622e-01 9.517081420899984323e-01
4.163104010390450416e-02 2.444715045153789124e-01
6.686794788215290053e-01 6.462749597077266372e-02
1.751900033428288594e-01 7.592914199701462641e-01
9.444639151120099996e-01 4.446184073122355640e-01
5.502376423482472356e-01 6.743157301697225714e-01
7.029631742206997602e-01 5.485371727542176501e-02
4.612059675746121856e-01 8.164273719006266417e-01
7.202521676980353504e-01 8.581083247623476629e-01
9.982576055990798336e-01 8.685261006072808598e-02
1.915847787085149800e-01 9.643673356008504172e-01
5.384017774250633437e-01 9.112158039931010922e-01
1.160702552825568779e-01 3.795944510545038453e-01
6.769054489630016436e-01 7.327861087965533704e-01
8.941739506992985032e-02 6.317446750045528914e-01
2.029882533780718035e-01 4.711381184373752973e-02
8.407432061353717900e-01 2.917186128205366824e-01
8.803121641544064957e-01 5.051374898294239690e-01
1.399689756469335578e-01 8.383955557870803599e-02
4.674857477482383672e-01 6.000327146792522326e-01
7.178337507977000653e-01 9.574771369687251621e-01
8.825266438537824332e-01 1.602454586086734523e-01
4.549284125117634137e-01 6.501789574344694067e-01
6.885529540626544875e-01 1.750138926203298473e-01
2.213344271673911567e-02 5.407536867298553540e-01
9.168749370815187927e-02 7.825484490418942451e-01
8.265924159014090833e-01 7.312860550047296515e-01
6.084581967185270779e-01 8.099066465234449064e-01
4.722968395402429298e-01 3.237795313188668311e-01
9.948149095707236045e-01 5.417990082880161928e-01
9.256220088598088314e-01 2.839205972125714572e-01
6.973341606306326934e-01 6.437138011929957049e-01
6.299972355654122058e-01 9.579364349377670340e-01
5.246892167729384493e-01 7.594635721874433143e-01
6.390620449025905536e-01 7.426633917992244704e-01
7.037814576574958902e-01 4.952816809978340951e-01
6.076718071700940582e-01 4.360220535756196281e-01
4.189001527282673054e-01 4.818664278754547503e-01
2.495585141300183940e-01 8.349557117656002392e-01
1.229298194697719948e-01 3.490179462477643879e-01
4.492677209183416620e-01 6.289234956088908257e-01
6.589055657655601417e-01 5.849563664604728874e-01
3.049044355957082342e-01 2.534780794029380946e-01
4.942363376389317109e-01 8.645388583760361678e-01
5.636416814839821932e-01 5.743157850935530773e-01
2.088174936214586275e-01 6.010686112958457672e-01
2.949849974750118342e-02 1.899496319294243785e-01
1.680357118666382377e-01 1.167009253859185858e-01
1.937915384051587253e-01 8.404970591886894438e-01
9.452627653067500191e-01 6.393508382516749355e-01
2.195880056281153125e-01 3.098544499327018364e-01
6.397804660512581565e-01 9.098697096661428896e-01
7.087873815706275948e-01 5.684660158152270437e-01
8.297189289020133751e-01 4.230550147640531611e-01
7.928405913294220841e-01 9.519992059550542729e-01
6.738026215036192479e-01 4.148078286549006233e-01
2.620570723177306771e-02 2.122617654539283860e-01
7.946913638106598565e-01 4.818221669211623093e-01
7.389057963604017676e-01 4.159287318014135426e-01
9.136979879367247426e-01 2.800061566617481068e-01
4.008649666141730350e-01 6.546114906310093184e-01
7.383952297469613679e-01 6.346939061944487648e-01
8.327490817263893952e-02 9.874965105743346294e-01
6.285074210324520516e-01 9.272276491177453561e-01
9.247767985573912553e-01 6.037180644738481261e-01
1.606347321514850490e-01 3.745806080950644379e-01
3.374183091092131104e-02 6.177188657136846173e-01
2.688106100927026842e-01 3.785972434007600640e-01
2.589557372050420581e-01 5.467068885037010828e-01
6.497665283258164948e-01 2.938196509444145343e-01
1.722018587179329208e-01 9.310269463509931454e-01
9.110131966287652316e-01 3.254819333373371038e-02
8.547893664408167114e-01 8.960936178607397107e-01
2.751007205275591838e-01 8.303426793852496379e-01
2.509654610754825654e-01 4.022621126134240388e-02
2.203970749608612500e-01 4.732187280699241549e-01
1.601201905757387856e-02 4.976331715843143044e-01
5.472781455725217459e-02 2.780110994657987167e-01
5.560715571018414183e-01 9.996715877682601503e-01
6.934175063337983946e-01 5.174316450273490631e-01
5.711749472431103536e-01 4.218161283836630027e-01
4.072874637974051026e-01 1.509643019826082400e-01
4.718148224007032709e-01 7.673285524563455695e-02
1.072692678106714759e-01 1.664850735861118647e-01
5.221916462919778956e-01 3.646459176635924448e-01
8.632806958868340930e-01 9.548815556481520250e-01
3.028486305521544963e-01 9.785934369301119151e-02
2.886298783757879072e-01 4.185089915860508158e-01
3.590574673893082158e-01 4.962933792396756472e-01
4.052947154975236055e-01 4.512988941612655625e-01
2.103760104880153525e-01 5.648091176322770357e-01
1.508269628052804068e-01 4.248322441222206480e-01
6.276305229133682939e-01 4.628794308762591569e-01
5.914985981245081126e-01 7.993897121870907618e-02
7.476417694346614295e-01 6.827882467818908729e-01
1.025964545051282206e-01 7.770824385787663546e-01
6.058429055498334437e-01 8.235748389546397874e-01
1.498232137600685743e-02 8.900527329332555970e-01
5.318187711025254005e-01 4.444795067455850068e-01
8.249862999378733130e-01 8.884885104840873904e-01
6.292705143561176939e-01 3.131035226271182692e-01
5.973814658133616007e-01 6.214033605652469205e-02
4.252799894743590770e-01 9.506999686767729774e-01
1.688252410638588774e-01 6.886920060914165642e-01
5.915264027145852310e-01 2.543699508511835239e-01
6.440594798020626843e-01 7.747686441381775868e-01
3.858587455673176958e-01 1.783275113968524339e-01
7.541626899959655850e-01 1.832477368920371052e-01
8.062402823315216738e-01 1.750835246005543189e-01
5.399978137734583461e-01 6.037415671082909663e-01
2.060932544210725137e-02 9.896353999314170258e-01
1.971034116558566529e-01 5.981823874992074908e-01
7.942896130320414860e-01 3.594696292077078636e-01
3.567366806076009977e-01 2.859860801633675731e-01
3.986391566365656836e-01 3.659827266156836512e-01
6.031024466391421424e-02 5.591061245572536142e-01
8.576580342707976756e-01 2.762276149462212782e-01
8.534882272353205845e-01 2.047111094210736226e-01
9.791116460452834458e-01 3.290158920828250011e-01
7.221975771799493682e-01 5.911958328582990196e-01
1.207555451199785468e-01 7.315004424941909944e-01
7.942874016246559421e-01 2.929108835304436997e-01
6.878315811235120592e-01 6.308407302831122720e-01
7.892743980527825443e-01 1.460558725687064463e-01
7.551186730472795317e-01 1.905138143607811863e-01
1.590705030336304615e-01 2.309969516144220192e-01
2.492241744154423122e-01 1.226442179695950152e-01
4.802248160299968927e-01 9.367301933585292506e-01
1.039139745223585098e-01 5.475793415609651049e-01
8.398824999561242954e-01 7.239062855986281297e-01
7.062097305261305635e-01 5.414145228255934361e-01
8.157602118903748423e-01 7.189971735041047474e-01
8.252025115246087728e-01 5.467019546648035355e-01
8.636071260400697280e-01 1.635633731877317310e-02
7.658679830353427587e-01 9.094722817619335098e-01
3.954498967643212959e-01 2.754424129763288764e-01
2.062833403153481182e-01 5.014110485355083302e-01
8.051631554775255939e-01 8.170502353441932986e-02
7.973145514655421984e-02 2.128366193064348266e-01
4.475908511284715230e-01 3.457692242493153323e-01
9.114165747907219117e-01 7.728187366394029256e-01
6.744470179949413335e-01 2.416003207610760706e-01
2.764495417720893577e-01 9.044486508621949472e-01
7.043978756756708037e-01 7.221764009359066261e-01
7.857495997912714580e-01 7.108427903440088791e-01
7.437539617303571271e-01 2.197617649812525498e-01
7.396130167513758069e-01 6.479534259309981392e-01
6.929695237888265913e-01 8.529918544354367915e-01
8.870688350891794416e-01 5.351094498771645780e-01
9.206236577481050620e-01 1.081164859407557355e-01
9.647402943301809364e-01 7.723814809853390972e-02
5.642799563170967092e-01 1.176856844808835678e-01
9.474214871308701547e-01 8.685003897247776106e-01
4.018497683913117013e-01 7.898010896087352961e-01
5.638651869762649760e-01 8.895105012338594408e-01
7.733124733166222287e-01 9.551087128387488745e-01
8.307824813709625555e-01 9.053728821839693852e-01
3.841327173337761858e-01 7.838825109696951898e-01
2.316149699513914140e-01 7.567552585404910825e-01
4.523353669394658549e-02 8.615672513204104543e-01
5.708647551960233102e-01 5.448723021808377087e-02
4.481912867290638314e-01 1.558034437965981622e-01
5.677128581927550766e-01 3.739303223130074905e-02
2.224028694093140857e-01 2.617158658819200845e-01
5.901074346214658650e-01 2.717893067446101041e-01
6.444573799795845215e-01 3.600349607890878101e-01
6.352365556777599398e-01 6.200812532691789558e-01
9.119023910659229681e-02 9.248810879068692925e-01
3.698241628804862513e-01 5.398649237370236609e-01
7.970580041868770005e-01 8.538106555534734632e-01
6.406423451650534728e-01 4.057660455151879120e-03
9.549377569847466996e-01 6.174179333891774979e-01
5.167614689904231895e-02 7.154430997072822596e-01
4.686814992607455377e-01 6.765297375127607982e-01
6.544645710421174156e-01 5.501528740709127341e-02
8.538519431910653879e-01 1.502276334425800552e-01
6.299995674634462084e-01 4.237248140798013374e-01
5.745432738435194420e-01 6.309184819812112544e-01
8.318865253317466735e-01 2.801018600977568385e-01
3.367382284299211825e-01 8.232658305557716272e-02
5.219271860439551602e-01 2.967107488175961816e-01
3.558137818422779652e-02 1.477210886821821445e-01
4.141838604017868963e-01 2.466629556024376724e-01
5.617128538739124544e-01 6.577899533034660129e-01
8.677766502743620158e-01 3.312348538555990318e-01
7.003607761341010818e-01 5.865476155990086982e-01
5.287803820832636115e-01 9.542489189140347383e-01
2.204141548779789961e-01 3.615128305482970816e-01
9.268242123012214728e-01 8.385576098960434432e-01
5.561059889798044553e-01 9.633106227247321129e-01
2.758787782241608477e-01 7.792410991301657042e-02
5.492424021437537496e-01 1.537665183217905573e-01
3.244410138341046190e-01 3.419938520583289954e-01
9.069505842681833130e-01 7.717763193664448629e-01
7.012081790600042108e-01 2.705040975911339185e-01
9.581262198067036495e-01 8.841547270657783564e-01
2.707751511717857440e-01 3.420562209658772890e-01
6.939817669601224814e-01 1.447548551489613589e-01
7.671902233465410781e-02 8.856838727456776139e-01
5.287261361504709267e-01 1.227571576992910751e-01
8.519371800469068834e-01 7.762321786310748539e-01
1.426520498417593874e-02 5.956705855183412890e-01
3.034561397869487420e-01 5.225484147146038927e-01
6.568985261333315506e-02 2.036951444941104139e-01
6.968082499778249783e-02 2.480805811352162493e-01
9.086141414903268210e-01 8.459513579450651521e-01
6.735480896387794347e-01 5.592286938066348689e-03
2.763982223442584818e-02 5.216526518571396043e-02
6.453855639127025201e-01 9.679182112474782329e-01
8.357148384640481487e-01 4.438871669350165083e-01
9.078397385757921434e-01 2.058907623422530087e-01
7.444904186585918904e-01 4.136365779825273981e-01
6.816260009192566249e-01 3.444686154254383847e-02
4.798748099353966623e-01 4.264269136683085382e-01
2.516181817114323538e-01 2.290830794459951525e-01
6.694159435115148993e-01 2.391432042397435564e-01
2.277406530747749791e-02 5.038466004620849592e-01
9.330115626954256225e-01 5.842471950358816279e-01
3.830430756244548318e-01 3.290879266390290825e-01
9.196713215415620590e-01 1.231611813196982208e-01
9.884353899042697122e-01 9.083305722787927694e-01
8.920330852733382443e-01 3.622108434150537182e-01
5.055930271277470078e-01 5.181060204692418125e-01
9.131046924339664139e-01 6.772485422456467896e-01
9.576047378586672876e-01 1.522059847190539994e-01
7.380745106736191774e-01 5.546393720640595548e-01
9.895738618491911609e-01 4.884029347336232840e-01
9.753958037756103039e-01 6.334547471933794638e-01
2.164907326340832494e-01 1.930926904228440488e-01
3.362156642166808096e-01 9.417600162666212027e-01
1.051376274151147872e-01 4.081354915545705175e-01
8.677274207823445495e-01 3.256021723447589666e-01
7.539488527524607075e-02 2.673155417434516234e-01
3.889117671920226949e-01 5.077821359245258126e-01
6.275020808408796613e-01 5.550851135636548639e-01
7.059699712195161014e-01 6.391626833694123988e-01
1.624841080338838006e-01 4.735412859063798940e-01
6.006365829104497456e-01 5.298273090912754002e-01
3.716713828464521807e-01 9.102255962938476941e-01
1.258160001498423997e-01 5.446933097151805958e-01
3.074050641407013451e-01 5.398673320922788843e-01
8.865533328728048001e-02 9.119678770996683115e-01
5.605429422760251912e-01 1.602481344010564523e-02
5.008161231924481704e-01 7.496394998974322821e-01
6.560726577215970634e-01 1.965822542984256849e-01
7.390778716271595439e-02 5.706000149975104518e-01
2.558466509258333632e-01 6.792015975877397915e-01
6.315058678954361682e-01 5.564393675641406967e-01
4.583551560883701859e-01 3.434739751016550047e-01
1.372876155685975874e-01 1.630184287469625959e-01
4.494891406127911049e-01 8.094604627494413895e-01
6.964799661644294204e-01 5.710628887187588765e-01
9.085579740934853765e-01 7.953669437880420690e-01
6.783507328287760041e-01 1.067495781587196602e-01
1.140541746355948627e-01 7.478376277886800150e-01
1.789575516201810101e-01 5.658963588921120946e-01
3.854158901028447159e-01 4.395492910258623764e-01
1.809109975397611425e-01 5.433576130025322692e-01
8.731482771039856816e-01 3.495577963017454382e-01
1.384719018845603777e-01 5.427549840621301858e-01
2.596605714663858810e-01 9.572529931511133405e-01
2.691570492144363946e-01 1.237644972601866789e-01
8.193893867413909460e-01 2.822084208828337104e-01
4.231066053779880543e-01 7.446402737224973034e-01
8.218511380584981874e-01 3.681656222150920810e-01
5.536539599323488936e-01 6.431764776255159966e-01
9.785725090134080872e-01 5.067117620599810301e-01
4.956247432398712682e-01 7.366833145814910555e-02
2.692966580218854045e-01 9.412021749728330944e-01
8.754136208335312475e-01 5.083348819501328775e-01
2.297374103049010241e-01 4.354811300205418956e-02
9.096053675221521528e-01 8.417876254382292700e-01
7.611901912645873125e-01 1.074829501409721999e-01
2.916181971044454757e-01 7.186498623565245047e-01
6.083618042388891922e-01 1.101923944637710484e-01
7.841679079457669621e-01 1.219122583190261899e-01
7.729832037603499018e-01 5.898343908782655021e-02
3.570121571916353709e-01 3.781923271518763396e-01
1.287674580814600622e-01 6.672743281301436458e-01
8.561032315831540451e-02 6.867853392154847914e-01
2.249492969242187224e-01 7.259321700997896087e-01
2.320683423604513740e-01 8.213995712020286666e-01
9.480825753831148006e-01 7.730320072522530728e-01
9.362682443486973760e-01 8.576282224537643550e-01
3.493109688222826303e-01 1.069876464532680815e-01
2.904938693366521107e-01 9.559600519857769374e-02
3.816063955865667268e-02 7.523577124778667580e-01
2.340311382506103932e-01 4.251932262581809008e-01
5.954187605752714330e-01 3.621211118154097353e-01
6.939406414384209354e-01 6.818615951202514625e-01
8.511670455518951517e-01 5.378370171065085525e-01
4.566108703369206046e-01 2.032599988665124702e-01
2.266110588488577937e-01 7.887449099111620843e-01
6.180363715322029217e-01 7.642231028839628904e-01
9.154483016245911209e-01 4.013243683221385805e-01
8.301330539967951561e-01 3.126229899580655891e-01
5.825968468775580833e-01 8.297759489376407283e-01
7.144053507097283262e-01 9.489532465183470045e-01
2.344068121089076806e-01 2.893199518614635313e-01
4.088223731833865449e-01 4.240359802781726861e-01
9.103713530195802761e-01 5.224786045720862804e-01
9.684401547235516050e-01 3.055168631069402618e-01
5.874203123637136148e-01 2.869100905766430731e-01
2.290551732124935791e-01 1.105710326562230339e-01
6.521234871274415035e-01 2.902374605327695534e-01
3.219672231964950671e-01 9.438696946418227984e-01
2.959008947978115645e-01 9.270247744558698377e-01
6.664611622237748279e-03 4.104997997656543163e-01
2.215605228288457518e-01 5.565017743424764962e-01
7.940859777365140149e-01 7.362250656316514652e-01
5.860473694703283165e-02 9.560323184203167735e-02
2.439840637211452279e-01 8.085659536181932783e-01
3.882786674462945786e-02 6.730899885402696903e-02
2.459775908350687601e-01 9.628776408734891490e-01
8.601030532777503845e-01 6.704331300513092229e-01
2.204856885547836765e-01 3.495043975652024626e-01
1.369889335438527755e-01 7.572554546098274608e-01
3.723013437667631598e-01 8.538761209417691234e-01
1.458483601702575960e-02 1.443168790737234808e-01
7.007997404491232984e-01 4.202171507801176764e-01
3.394548644760795320e-01 5.600575220197521187e-01
4.405407696120891003e-01 4.507820088559872929e-01
6.951563748514062446e-01 4.155758049243798435e-01
8.512594648487499249e-01 6.060150978032831093e-01
4.094594920768990232e-01 6.847093318390383709e-01
8.918391832902774485e-01 8.499922767233040188e-01
9.977907980509250763e-01 7.650062426782201497e-01
7.786832136428951667e-01 6.063434672264910175e-01
5.692901833826943259e-01 1.772833263620327005e-01
4.522397631735530776e-02 7.386839732628389665e-01
1.797808702355002675e-01 4.393309660820692297e-01
1.837027495998871940e-01 4.056459970488256461e-01
7.018376944529832739e-01 3.089558901035087679e-01
7.179097363269937304e-01 7.716952502603751096e-01
5.035412998641647375e-01 9.033638303703610539e-01
8.024715890704158250e-01 1.609740586404655449e-01
7.734635954405399971e-01 3.860886574472680577e-01
2.079560923671814887e-01 9.272027144079223460e-01
3.020150488012434131e-01 1.997586193833034152e-01
1.863798811859673776e-02 2.448481622247605793e-01
7.317333292268801692e-02 6.109278699886939723e-01
9.619374140663730088e-01 7.133505583155588248e-01
4.875795939339350182e-01 8.975689543374137935e-01
7.505103522538393301e-01 8.898580526513113487e-01
3.889704099862858477e-01 7.812680311258842769e-01
2.233428221846606165e-01 5.867545718286752976e-01
6.684881234350714685e-02 2.363610785737135789e-01
5.500585173791124882e-01 4.670230980556041578e-01
8.772900762904920491e-01 1.670996018954662432e-02
8.806543034638696366e-01 6.957578391398738793e-01
6.304415831003615800e-01 1.596818018351098267e-01
5.578851951471728299e-01 7.777036961007810500e-02
3.073834478798777026e-01 8.170257144594580412e-01
4.070181861418997737e-01 1.509493289376234726e-01
9.664666439928040198e-01 6.166368018966966735e-01
5.850282239214757984e-01 9.240850107160930582e-01
5.815173264297435196e-01 9.121087220708782306e-01
4.578933772429256699e-01 2.796987589227746263e-01
3.591660278712413001e-01 5.037265339530394570e-01
9.191186096419933227e-01 8.676353087396168062e-01
1.342530857068187089e-01 3.162777557343265933e-01
1.803085648989598555e-01 8.631984810888840842e-01
8.400107579381916878e-01 8.758699726157970211e-01
7.233792980819050422e-01 8.366481310980772301e-01
5.168174639457678854e-01 9.048633199230259327e-01
9.843201682072560965e-01 1.204582843615239485e-01
6.758867757245727859e-01 6.354211130948667074e-01
2.170912681990161408e-01 7.493033283565602165e-01
