2.995788579603333446e+00
7.648432822588628888e-01
4.429269858808529969e-01
1.352256704800363973e+00
9.366566629379428077e-01
3.299262053364382385e+00
8.545110095233696690e-01
5.397141778214996632e-01
1.018336156535335268e+00
3.424278991274749995e+00
9.896206597954405604e-01
8.277232096267752581e-01
7.305449746838948988e-01
5.186080384476601246e-01
6.024434562154664663e-01
1.089528838052316040e+00
9.871218580179926816e-01
5.537662370453710459e+00
7.554865487257700352e-01
2.037020872398365157e+00
5.423232392532550072e+00
9.488255904427497223e-01
7.302127133912224011e-01
8.794002005557706170e+00
1.198198068150352125e+00
