5.010330677032470703e-01 5.256257057189941406e-01 9.110791087150573730e-01 9.591469764709472656e-01
6.989057064056396484e-01 3.091227412223815918e-01 7.680340409278869629e-01 9.933927059173583984e-01
2.442075759172439575e-01 4.157684147357940674e-01 6.112839579582214355e-01 4.333543181419372559e-01
2.923908531665802002e-01 3.978545665740966797e-01 6.705110669136047363e-01 8.073764443397521973e-01
1.712564527988433838e-01 5.576547384262084961e-01 8.784776329994201660e-01 4.766770303249359131e-01
4.243854582309722900e-01 2.209834158420562744e-01 4.401098489761352539e-01 9.239251017570495605e-01
6.017281413078308105e-01 8.307015895843505859e-01 3.339610621333122253e-02 7.817526459693908691e-01
5.299508571624755859e-01 4.916513264179229736e-01 9.178171157836914062e-01 2.536135315895080566e-01
4.450023174285888672e-01 3.480685874819755554e-02 7.507570385932922363e-01 6.555463671684265137e-01
7.154489755630493164e-01 2.406776249408721924e-01 6.325605511665344238e-01 6.441382765769958496e-01
4.139572381973266602e-01 3.524346649646759033e-01 5.765191316604614258e-01 5.655758380889892578e-01
1.894210837781429291e-02 3.035742044448852539e-01 1.899907886981964111e-01 5.761246681213378906e-01
6.472174525260925293e-01 2.343676388263702393e-01 5.740809440612792969e-01 8.184196949005126953e-01
1.208614185452461243e-01 6.805995702743530273e-01 3.053860962390899658e-01 1.868087053298950195e-01
1.589732021093368530e-01 7.202746868133544922e-01 7.277804017066955566e-01 4.686293900012969971e-01
2.656094431877136230e-01 3.463049232959747314e-01 2.680448889732360840e-01 4.668233096599578857e-01
3.387122154235839844e-01 4.969927072525024414e-01 5.692368745803833008e-01 8.387546055018901825e-03
5.097831487655639648e-01 2.418673485517501831e-01 2.816604264080524445e-02 8.161967396736145020e-01
5.860124826431274414e-01 6.418161988258361816e-01 1.579341739416122437e-01 1.946339942514896393e-02
3.693016171455383301e-01 4.170682430267333984e-01 7.938759922981262207e-01 6.607745885848999023e-01
6.837421059608459473e-01 9.328668713569641113e-01 7.201621532440185547e-01 7.177132964134216309e-01
5.276035070419311523e-01 2.380827069282531738e-01 5.034434795379638672e-02 3.225348293781280518e-01
6.146072745323181152e-01 6.207667589187622070e-01 1.377951055765151978e-01 4.804885983467102051e-01
7.252967953681945801e-01 7.800564765930175781e-01 4.029673039913177490e-01 7.929108738899230957e-01
1.061315760016441345e-01 1.177147701382637024e-01 8.008056879043579102e-01 3.572382330894470215e-01
6.858014464378356934e-01 1.009657755494117737e-01 1.809969842433929443e-01 9.307983517646789551e-01
4.511319696903228760e-01 1.186262965202331543e-01 8.399177193641662598e-01 1.886461824178695679e-01
8.204888552427291870e-02 5.412375926971435547e-01 1.681541353464126587e-01 4.000770449638366699e-01
2.512844093143939972e-02 1.236854866147041321e-01 4.975735843181610107e-01 9.572577476501464844e-01
3.248614668846130371e-01 1.250976324081420898e-01 4.258388876914978027e-01 8.977088332176208496e-01
7.069001439958810806e-03 4.091756045818328857e-01 1.636798828840255737e-01 8.586710095405578613e-01
6.426569223403930664e-01 4.316367805004119873e-01 9.465079903602600098e-01 5.655791163444519043e-01
3.933071792125701904e-01 2.124375700950622559e-01 9.350928664207458496e-01 2.308377176523208618e-01
8.033762127161026001e-02 7.515365481376647949e-01 9.489013999700546265e-02 2.470014244318008423e-01
2.168503999710083008e-01 3.796314597129821777e-01 8.306345343589782715e-01 9.805179201066493988e-03
8.725111484527587891e-01 1.310861706733703613e-01 7.463368773460388184e-01 9.879239797592163086e-01
5.012019276618957520e-01 1.261848211288452148e-01 5.217359066009521484e-01 2.827076017856597900e-01
9.972242712974548340e-01 5.934898853302001953e-01 1.385057270526885986e-01 2.652555108070373535e-01
4.083947837352752686e-02 7.812882214784622192e-02 1.211818233132362366e-01 2.350011467933654785e-01
3.429622948169708252e-01 6.733716130256652832e-01 8.487099409103393555e-01 4.049984514713287354e-01
4.374750852584838867e-01 9.363945722579956055e-01 1.626087427139282227e-01 3.505780994892120361e-01
9.166486859321594238e-01 2.625179886817932129e-01 5.764927268028259277e-01 2.729774117469787598e-01
1.794747710227966309e-01 3.523254394531250000e-01 6.946374177932739258e-01 6.438561528921127319e-02
8.036425709724426270e-01 8.210625648498535156e-01 2.199788540601730347e-01 2.087220698595046997e-01
3.778541982173919678e-01 4.886317849159240723e-01 6.552443504333496094e-01 1.225809529423713684e-01
6.890617012977600098e-01 5.119054317474365234e-01 7.236140966415405273e-01 5.536602810025215149e-02
8.409000635147094727e-01 3.535043895244598389e-01 5.907924175262451172e-01 8.731101155281066895e-01
6.194024682044982910e-01 4.632049202919006348e-01 3.511176910251379013e-03 9.856339693069458008e-01
6.993970274925231934e-01 1.646001338958740234e-01 6.945391297340393066e-01 7.376886606216430664e-01
9.714778661727905273e-01 1.457951664924621582e-01 9.479579329490661621e-01 8.465293049812316895e-02
7.848554253578186035e-01 6.887665987014770508e-01 4.611047208309173584e-01 4.310452938079833984e-01
5.586224794387817383e-01 5.753904581069946289e-01 4.654750227928161621e-01 6.201376318931579590e-01
8.681162595748901367e-01 4.449046254158020020e-01 3.183881640434265137e-01 8.201169967651367188e-01
9.625455141067504883e-01 9.676078557968139648e-01 5.928317308425903320e-01 5.456425547599792480e-01
6.077815294265747070e-01 2.500814497470855713e-01 5.016199946403503418e-01 2.220012247562408447e-01
5.734864473342895508e-01 4.674104154109954834e-01 9.563264846801757812e-01 4.934685677289962769e-02
7.483703494071960449e-01 9.333099722862243652e-01 5.806896090507507324e-01 3.429305851459503174e-01
8.528733849525451660e-01 5.570721626281738281e-01 9.654771685600280762e-01 8.344299793243408203e-01
2.735814265906810760e-02 8.565066456794738770e-01 3.345711156725883484e-02 9.475902915000915527e-01
1.072168350219726562e-01 8.378175497055053711e-01 9.526499509811401367e-01 9.406530857086181641e-01
1.107558459043502808e-01 7.919191122055053711e-01 2.645642757415771484e-01 3.510365784168243408e-01
8.893132805824279785e-01 1.383219510316848755e-01 6.529430747032165527e-01 4.648917615413665771e-01
8.312957286834716797e-01 3.999800384044647217e-01 2.730104327201843262e-01 7.419848442077636719e-01
9.353706240653991699e-01 1.975143700838088989e-01 8.154397606849670410e-01 5.795839428901672363e-01
1.992951929569244385e-01 7.917449474334716797e-01 9.170424193143844604e-02 4.741559624671936035e-01
7.342414259910583496e-01 2.366455942392349243e-01 5.114596486091613770e-01 2.665967643260955811e-01
8.833444714546203613e-01 4.206439852714538574e-01 2.066005319356918335e-01 6.198948025703430176e-01
2.046771645545959473e-01 6.521261930465698242e-01 8.729693889617919922e-01 3.653526604175567627e-01
2.787282466888427734e-01 2.302420586347579956e-01 2.694927155971527100e-01 3.011720776557922363e-01
6.497435569763183594e-01 8.000967502593994141e-01 2.351625859737396240e-01 9.531821012496948242e-01
5.608792901039123535e-01 2.570601180195808411e-02 1.071601584553718567e-01 8.632593750953674316e-01
5.703178048133850098e-01 1.115988567471504211e-01 1.359527707099914551e-01 7.648508995771408081e-02
7.403233051300048828e-01 9.884924888610839844e-01 5.373989939689636230e-01 3.983967304229736328e-01
7.020444869995117188e-01 7.375195622444152832e-01 3.960146605968475342e-01 1.802459806203842163e-01
7.191408872604370117e-01 4.602690935134887695e-01 8.003430366516113281e-01 3.008591830730438232e-01
5.180168747901916504e-01 6.922650337219238281e-02 5.612708628177642822e-02 4.964191317558288574e-01
5.447095036506652832e-01 9.705421328544616699e-01 9.159560799598693848e-01 3.868423998355865479e-01
1.740411818027496338e-01 2.958910167217254639e-01 7.144401073455810547e-01 5.138882994651794434e-01
9.108163714408874512e-01 8.455106616020202637e-02 1.619677990674972534e-01 2.637152373790740967e-01
3.170295357704162598e-01 6.911947131156921387e-01 4.096973836421966553e-01 2.191079705953598022e-01
5.759745240211486816e-01 9.099819064140319824e-01 1.764843985438346863e-02 4.044840335845947266e-01
6.194127202033996582e-01 5.083423256874084473e-01 2.841318771243095398e-02 2.670686542987823486e-01
7.761055231094360352e-01 1.424084603786468506e-01 7.753394246101379395e-01 8.014578819274902344e-01
9.668984413146972656e-01 8.043240308761596680e-01 8.373821973800659180e-01 1.321757435798645020e-01
5.147217512130737305e-01 9.109260439872741699e-01 3.500334918498992920e-01 2.084868401288986206e-01
4.128520786762237549e-01 6.918970942497253418e-01 9.723250865936279297e-01 2.583300471305847168e-01
1.453271210193634033e-01 1.649325042963027954e-01 8.403834700584411621e-01 2.998853027820587158e-01
4.819780960679054260e-02 5.006943345069885254e-01 2.468659877777099609e-01 1.742391586303710938e-01
5.926069021224975586e-01 3.356136679649353027e-01 3.013100326061248779e-01 6.438589692115783691e-01
2.198919206857681274e-01 9.663473963737487793e-01 4.772180616855621338e-01 4.933702349662780762e-01
1.902965754270553589e-01 6.123716831207275391e-01 6.169988512992858887e-01 7.002671360969543457e-01
6.914818286895751953e-01 8.428121209144592285e-01 9.820020794868469238e-01 8.733641505241394043e-01
4.121481180191040039e-01 5.904436111450195312e-01 4.707551002502441406e-01 1.327101141214370728e-01
4.657507240772247314e-01 2.705350518226623535e-01 1.122179850935935974e-01 6.925794482231140137e-01
1.929836720228195190e-01 6.558679342269897461e-01 5.582996010780334473e-01 7.836477756500244141e-01
8.434186577796936035e-01 6.090787053108215332e-02 4.182474017143249512e-01 1.503184586763381958e-01
7.988648414611816406e-01 4.500931799411773682e-01 5.261280536651611328e-01 5.828902721405029297e-01
7.135949730873107910e-01 5.452694892883300781e-01 5.814017653465270996e-01 2.320840656757354736e-01
7.247496247291564941e-01 6.982975602149963379e-01 1.733237802982330322e-01 6.678740610368549824e-04
5.939075350761413574e-01 2.842976748943328857e-01 7.041623592376708984e-01 5.358248353004455566e-01
1.898974925279617310e-01 4.028900563716888428e-01 8.138567209243774414e-01 7.172793745994567871e-01
6.825608015060424805e-01 6.693243384361267090e-01 4.671471416950225830e-01 2.763690352439880371e-01
7.461124658584594727e-01 5.635854005813598633e-01 7.370760440826416016e-01 3.730344474315643311e-01
5.117180347442626953e-01 6.087310910224914551e-01 3.308494687080383301e-01 3.638097047805786133e-01
6.159407496452331543e-01 3.784987032413482666e-01 5.538061857223510742e-01 4.929555952548980713e-01
7.853977680206298828e-01 3.156441748142242432e-01 4.138326644897460938e-02 6.108461022377014160e-01
2.436509579420089722e-01 5.679442286491394043e-01 6.809692829847335815e-02 8.410674929618835449e-01
4.852232635021209717e-01 1.674358248710632324e-01 8.581718802452087402e-01 6.741896867752075195e-01
9.277284741401672363e-01 6.253254413604736328e-01 8.784553408622741699e-01 5.240064486861228943e-02
5.106950998306274414e-01 3.558303713798522949e-01 8.798399567604064941e-01 7.546379566192626953e-01
4.618051648139953613e-01 1.219280734658241272e-01 2.461053729057312012e-01 6.953743100166320801e-01
2.970282137393951416e-01 3.404092043638229370e-02 4.125095009803771973e-01 8.000509738922119141e-01
6.029106378555297852e-01 2.112107425928115845e-01 6.727539300918579102e-01 7.117554545402526855e-01
5.742101669311523438e-01 7.417439222335815430e-01 3.165321350097656250e-01 8.949090242385864258e-01
8.955318927764892578e-01 7.110899686813354492e-01 7.769636511802673340e-01 2.725508213043212891e-01
1.077724527567625046e-02 7.877282500267028809e-01 9.187268018722534180e-01 1.688345521688461304e-01
6.629475951194763184e-01 3.500726222991943359e-01 6.179162263870239258e-01 5.096743702888488770e-01
9.799178838729858398e-01 7.726328969001770020e-01 4.291446208953857422e-01 2.893404960632324219e-01
1.559243798255920410e-01 1.215494275093078613e-01 3.433412313461303711e-01 2.897886931896209717e-01
7.435685396194458008e-01 3.181785345077514648e-01 5.666239857673645020e-01 7.474130988121032715e-01
9.379194378852844238e-01 7.591416239738464355e-01 5.468585491180419922e-01 6.874169111251831055e-01
2.107532322406768799e-01 2.383717000484466553e-01 7.598788738250732422e-01 2.659432217478752136e-02
7.851970195770263672e-01 6.691945791244506836e-01 8.238238692283630371e-01 2.007640451192855835e-01
6.896041035652160645e-01 6.250826120376586914e-01 7.661507725715637207e-01 6.941895484924316406e-01
3.835318386554718018e-01 1.387583613395690918e-01 7.911047339439392090e-01 6.530418246984481812e-02
3.379580974578857422e-01 8.998005986213684082e-01 8.201392889022827148e-01 9.202494025230407715e-01
9.525703191757202148e-01 6.428691744804382324e-01 5.574313998222351074e-01 8.813142031431198120e-02
2.655190229415893555e-01 4.416870772838592529e-01 9.750219583511352539e-01 6.184692382812500000e-01
6.399039626121520996e-01 7.089526057243347168e-01 6.757516413927078247e-02 6.665442585945129395e-01
1.330650597810745239e-01 9.192748069763183594e-01 9.048912525177001953e-01 9.967011213302612305e-01
3.826741874217987061e-01 1.104351319372653961e-02 4.604068398475646973e-01 8.166648149490356445e-01
5.429868102073669434e-01 4.307493567466735840e-01 2.694399356842041016e-01 1.532841771841049194e-01
5.816893577575683594e-01 2.427927702665328979e-01 6.948849558830261230e-01 6.107256412506103516e-01
5.997593402862548828e-01 8.136159777641296387e-01 6.581535339355468750e-01 3.587514758110046387e-01
3.665577769279479980e-01 4.431952834129333496e-01 9.495580196380615234e-01 5.482196807861328125e-01
6.144258975982666016e-01 1.160627510398626328e-02 2.614521682262420654e-01 3.483503311872482300e-02
3.834358155727386475e-01 8.788920044898986816e-01 1.340468525886535645e-01 4.589276313781738281e-01
8.680813312530517578e-01 4.857573807239532471e-01 4.869526624679565430e-01 2.924515008926391602e-01
4.790363311767578125e-01 5.898791551589965820e-01 9.353713393211364746e-01 1.958859860897064209e-01
7.260208725929260254e-01 6.463919281959533691e-01 8.518964648246765137e-01 8.785406947135925293e-01
8.917034268379211426e-01 9.022539258003234863e-01 8.016374707221984863e-01 8.752585649490356445e-01
6.646181344985961914e-01 9.277503490447998047e-01 7.393215298652648926e-01 4.131048619747161865e-01
4.360697567462921143e-01 7.384543418884277344e-01 3.532541394233703613e-01 9.642344117164611816e-01
3.784162700176239014e-01 5.588661432266235352e-01 4.552175402641296387e-01 1.848237514495849609e-01
5.355323553085327148e-01 7.431406378746032715e-01 3.276801705360412598e-01 4.554775357246398926e-01
4.820520281791687012e-01 4.892587363719940186e-01 7.685564756393432617e-01 8.650184869766235352e-01
2.074599117040634155e-01 4.398692026734352112e-02 2.953916192054748535e-01 8.442017436027526855e-01
3.986577391624450684e-01 9.694498777389526367e-01 1.265799701213836670e-01 6.652962565422058105e-01
6.375171542167663574e-01 9.785205721855163574e-01 5.091084241867065430e-01 9.676609039306640625e-01
4.178705811500549316e-01 1.348996609449386597e-01 6.368374824523925781e-02 5.891842246055603027e-01
6.530161499977111816e-01 7.680730223655700684e-01 7.842102646827697754e-01 2.131738960742950439e-01
7.471291422843933105e-01 1.064101904630661011e-01 5.722815990447998047e-01 1.485365480184555054e-01
7.154929637908935547e-02 2.640269696712493896e-01 1.132580414414405823e-01 9.411446750164031982e-02
6.879687309265136719e-01 1.369891464710235596e-01 9.610670208930969238e-01 5.835640430450439453e-01
2.742851972579956055e-01 5.159017816185951233e-02 3.089537471532821655e-02 7.189498096704483032e-02
8.111061155796051025e-02 1.885556876659393311e-01 6.465397477149963379e-01 6.007326245307922363e-01
6.020909547805786133e-01 3.285904824733734131e-01 9.001192450523376465e-02 3.514100909233093262e-01
1.477043181657791138e-01 4.869038164615631104e-01 6.807515621185302734e-01 5.678248405456542969e-01
9.305273294448852539e-01 1.319080144166946411e-01 9.265136718750000000e-01 2.695454955101013184e-01
7.849757373332977295e-02 9.206293225288391113e-01 3.040837347507476807e-01 3.142773807048797607e-01
4.844220578670501709e-01 4.136555492877960205e-01 1.583214104175567627e-01 6.278448104858398438e-01
2.624487280845642090e-01 2.641414105892181396e-01 7.535805702209472656e-01 6.296455860137939453e-01
7.872782945632934570e-01 2.075353860855102539e-01 3.761602342128753662e-01 2.505187178030610085e-03
6.813890933990478516e-01 3.535819649696350098e-01 1.410169899463653564e-01 4.250168800354003906e-01
1.757569611072540283e-01 1.627910286188125610e-01 3.791352212429046631e-01 8.554056286811828613e-02
5.840971469879150391e-01 6.217244267463684082e-01 5.071411728858947754e-01 8.487565517425537109e-01
6.537556052207946777e-01 7.235299795866012573e-02 4.030329585075378418e-01 3.573495149612426758e-01
8.167025446891784668e-02 5.935138463973999023e-01 7.012008130550384521e-02 9.944683909416198730e-01
8.837320208549499512e-01 3.088378012180328369e-01 3.527438640594482422e-01 1.697679609060287476e-01
5.490358471870422363e-01 1.571756601333618164e-01 7.065217494964599609e-01 9.734871238470077515e-02
3.961392045021057129e-01 7.757028341293334961e-01 6.308361887931823730e-01 1.463201344013214111e-01
9.239129424095153809e-01 7.252510637044906616e-02 1.181699410080909729e-01 2.296274006366729736e-01
5.936201810836791992e-01 6.809918284416198730e-01 2.053909301757812500e-01 7.120734453201293945e-02
1.072105839848518372e-01 4.850787222385406494e-01 3.202910423278808594e-01 2.709101736545562744e-01
2.686542868614196777e-01 3.161336109042167664e-02 6.352754831314086914e-01 3.196434080600738525e-01
2.055135071277618408e-01 8.973405361175537109e-01 4.468588829040527344e-01 5.705700814723968506e-02
5.034947991371154785e-01 1.036743521690368652e-01 4.830757677555084229e-01 3.229447007179260254e-01
7.762042880058288574e-01 4.081349968910217285e-01 8.102598786354064941e-01 8.945916891098022461e-01
2.764311730861663818e-01 9.829474091529846191e-01 9.715037941932678223e-01 3.817046284675598145e-01
2.752616703510284424e-01 1.001936346292495728e-01 1.002011969685554504e-01 3.888244032859802246e-01
2.314124554395675659e-01 7.252119779586791992e-01 1.719457060098648071e-01 6.064640879631042480e-01
7.294324040412902832e-01 4.769395887851715088e-01 9.518760442733764648e-02 9.702888131141662598e-01
8.853225111961364746e-01 6.309009194374084473e-01 2.833920717239379883e-01 5.228684544563293457e-01
4.391574487090110779e-02 3.845577836036682129e-01 7.193251252174377441e-01 3.963037133216857910e-01
7.910785675048828125e-01 8.875256776809692383e-01 1.638253927230834961e-01 5.283144712448120117e-01
7.451315969228744507e-02 7.273766398429870605e-01 1.274950355291366577e-01 7.743626832962036133e-01
7.256157696247100830e-02 4.424148499965667725e-01 8.740550875663757324e-01 7.681468725204467773e-01
4.762030839920043945e-01 4.705513119697570801e-01 3.262977302074432373e-02 3.643974065780639648e-01
3.387330099940299988e-02 7.334280610084533691e-01 4.791905283927917480e-01 2.949531674385070801e-01
9.582200050354003906e-01 9.018011093139648438e-01 7.811728715896606445e-01 3.730826675891876221e-01
3.581419289112091064e-01 9.264855980873107910e-01 2.340952903032302856e-01 5.533521175384521484e-01
5.453892946243286133e-01 5.620497092604637146e-02 6.238946914672851562e-01 8.175252676010131836e-01
6.905589699745178223e-01 5.672108530998229980e-01 3.761299252510070801e-01 3.349416851997375488e-01
4.988915622234344482e-01 8.635466098785400391e-01 6.998494267463684082e-01 9.733597040176391602e-01
2.529958784580230713e-01 5.443515777587890625e-01 1.133152656257152557e-02 6.747592091560363770e-01
4.615520536899566650e-01 6.702296137809753418e-01 4.012267887592315674e-01 1.709022521972656250e-01
7.530397772789001465e-01 2.740349769592285156e-01 7.533594369888305664e-01 1.842978894710540771e-01
6.089339256286621094e-01 4.469060152769088745e-02 2.464485466480255127e-01 1.098193377256393433e-01
7.698473930358886719e-01 9.755159616470336914e-01 2.735141813755035400e-01 5.943742990493774414e-01
5.193802118301391602e-01 5.821225047111511230e-01 8.038002848625183105e-01 3.714869618415832520e-01
7.009754180908203125e-01 8.086155056953430176e-01 2.250410020351409912e-01 3.628768324851989746e-01
2.984124422073364258e-01 5.444604158401489258e-01 8.668683171272277832e-01 6.046099662780761719e-01
6.073608398437500000e-01 9.028663635253906250e-01 1.292138993740081787e-01 1.059178337454795837e-01
1.784216053783893585e-02 9.396020174026489258e-01 3.533364534378051758e-01 2.797784470021724701e-02
3.428888022899627686e-01 6.817400455474853516e-01 9.924204349517822266e-01 5.091359019279479980e-01
5.217502117156982422e-01 1.062706578522920609e-02 6.574292182922363281e-01 3.138238787651062012e-01
2.815165221691131592e-01 9.301472306251525879e-01 6.086925044655799866e-02 9.531117081642150879e-01
4.469264745712280273e-01 8.042948246002197266e-01 7.751428484916687012e-01 1.372482180595397949e-01
3.985627293586730957e-01 6.261765360832214355e-01 1.007704436779022217e-02 7.025669813156127930e-01
3.255594074726104736e-01 5.209950730204582214e-02 3.621119260787963867e-01 6.953132748603820801e-01
4.377059638500213623e-02 2.049331963062286377e-01 9.458646774291992188e-01 8.843806982040405273e-01
3.125466108322143555e-01 6.485013365745544434e-01 5.995217561721801758e-01 9.054933786392211914e-01
7.339908480644226074e-01 3.399907797574996948e-02 6.673817336559295654e-02 4.777199402451515198e-02
1.197301521897315979e-01 2.799629867076873779e-01 2.771238088607788086e-01 5.511974096298217773e-01
1.462379842996597290e-01 8.244407773017883301e-01 3.051967918872833252e-01 2.225954532623291016e-01
9.594056010246276855e-01 9.065100550651550293e-02 2.311584800481796265e-01 8.022210597991943359e-01
5.904339551925659180e-01 4.985998868942260742e-01 6.220157742500305176e-01 8.647782802581787109e-01
5.950710773468017578e-01 4.863703250885009766e-02 6.841404438018798828e-01 7.190659046173095703e-01
7.269956469535827637e-01 5.122949481010437012e-01 5.996422171592712402e-01 9.819766879081726074e-01
3.403396010398864746e-01 8.143934011459350586e-01 8.975743055343627930e-01 5.492600798606872559e-01
6.782400608062744141e-01 7.329658865928649902e-01 8.230314850807189941e-01 7.497007250785827637e-01
4.882390052080154419e-02 1.342527270317077637e-01 9.105887413024902344e-01 6.351238489151000977e-01
5.878567099571228027e-01 4.124394953250885010e-01 8.566856980323791504e-01 1.186099499464035034e-01
4.992862641811370850e-01 6.694810986518859863e-01 4.420932233333587646e-01 7.579163908958435059e-01
6.788874268531799316e-01 5.399137139320373535e-01 8.510283827781677246e-01 3.477478623390197754e-01
5.692016333341598511e-02 7.319885306060314178e-03 3.102283775806427002e-01 7.805681824684143066e-01
6.464352011680603027e-01 8.448451161384582520e-01 8.389539122581481934e-01 4.743904173374176025e-01
9.407423734664916992e-01 8.636522293090820312e-01 9.215135574340820312e-01 1.257716910913586617e-03
4.231139421463012695e-01 3.652530610561370850e-01 9.949594736099243164e-01 9.192808270454406738e-01
9.049534201622009277e-01 9.416648745536804199e-01 5.857408419251441956e-02 1.121733710169792175e-01
6.380248814821243286e-02 1.723141521215438843e-01 3.374069929122924805e-02 2.376286238431930542e-01
5.489405989646911621e-01 3.632848262786865234e-01 4.187090992927551270e-01 3.920737206935882568e-01
1.406142711639404297e-01 7.935366630554199219e-01 4.474406242370605469e-01 5.585725307464599609e-01
3.852393925189971924e-01 8.288033008575439453e-01 1.579681187868118286e-01 7.296385169029235840e-01
1.870385184884071350e-02 5.080378428101539612e-02 1.361793577671051025e-01 3.628484010696411133e-01
2.703914605081081390e-02 2.167242318391799927e-01 5.928149819374084473e-01 5.624674633145332336e-02
4.141509830951690674e-01 9.855231046676635742e-01 3.391305804252624512e-01 6.200528144836425781e-02
7.866602540016174316e-01 7.407713532447814941e-01 2.940933406352996826e-01 9.204332828521728516e-01
6.850961446762084961e-01 4.350353404879570007e-02 1.670407354831695557e-01 2.867900133132934570e-01
3.748511672019958496e-01 9.157157540321350098e-01 7.211934328079223633e-01 9.388779401779174805e-01
2.282458543777465820e-01 7.707681655883789062e-01 5.716070532798767090e-01 7.759207487106323242e-01
7.378826737403869629e-01 6.308861970901489258e-01 9.372774958610534668e-01 6.445609331130981445e-01
5.459114313125610352e-01 6.537146568298339844e-01 9.417122602462768555e-01 7.413740754127502441e-01
2.833587527275085449e-01 2.386775463819503784e-01 7.138597965240478516e-01 7.767463326454162598e-01
7.195012569427490234e-01 7.089990377426147461e-01 8.524205088615417480e-01 1.689755767583847046e-01
9.938161969184875488e-01 4.780239164829254150e-01 3.236740231513977051e-01 6.404038667678833008e-01
9.731993675231933594e-01 6.683778762817382812e-01 1.264713257551193237e-01 9.000030755996704102e-01
5.418015122413635254e-01 1.087790206074714661e-01 5.155231952667236328e-01 4.209360480308532715e-01
6.141615509986877441e-01 9.430283308029174805e-02 4.683806002140045166e-01 3.724659383296966553e-01
4.163304865360260010e-01 8.909459114074707031e-01 7.965574041008949280e-03 7.216858267784118652e-01
6.677959561347961426e-01 8.507967740297317505e-02 5.380994677543640137e-01 9.148961305618286133e-01
3.020819127559661865e-01 1.968274563550949097e-01 2.446043640375137329e-01 9.491196870803833008e-01
8.433579206466674805e-01 4.360919892787933350e-01 6.645956039428710938e-01 4.110953509807586670e-01
6.033951044082641602e-01 5.668913125991821289e-01 9.213277697563171387e-01 8.709535002708435059e-01
6.545093059539794922e-01 4.889810085296630859e-01 8.525568246841430664e-01 5.016872882843017578e-01
2.528666853904724121e-01 9.222427010536193848e-01 3.224505782127380371e-01 6.996394395828247070e-01
8.809420466423034668e-01 4.298802465200424194e-02 3.809033334255218506e-01 2.577486038208007812e-01
5.821193456649780273e-01 8.453012108802795410e-01 3.041912317276000977e-01 5.954793095588684082e-01
9.189283251762390137e-01 3.714051842689514160e-01 5.325464010238647461e-01 5.354615449905395508e-01
1.846725679934024811e-02 2.171370387077331543e-02 1.995797902345657349e-01 7.295630872249603271e-02
8.254621028900146484e-01 5.921435356140136719e-01 5.572522431612014771e-02 8.944215774536132812e-01
6.113287210464477539e-01 3.053849637508392334e-01 9.390160441398620605e-02 7.477424293756484985e-02
2.672939933836460114e-02 1.968210786581039429e-01 9.848459959030151367e-01 5.532611608505249023e-01
8.506309986114501953e-01 1.674228012561798096e-01 3.201022148132324219e-01 5.250483751296997070e-01
3.792469501495361328e-01 7.412182688713073730e-01 7.982471585273742676e-02 2.252292037010192871e-01
5.406867265701293945e-01 2.872786819934844971e-01 2.979162335395812988e-01 4.126357659697532654e-02
8.199794888496398926e-01 9.193982481956481934e-01 9.530312418937683105e-01 9.926075339317321777e-01
3.542692959308624268e-01 1.199939288198947906e-03 4.657297730445861816e-01 7.601363062858581543e-01
8.350191116333007812e-01 1.748730093240737915e-01 7.384727597236633301e-01 1.041640117764472961e-01
6.975401639938354492e-01 1.273309066891670227e-02 1.430770615115761757e-03 9.000530093908309937e-02
8.531225323677062988e-01 1.047811433672904968e-01 6.995981335639953613e-01 9.016928672790527344e-01
6.761593222618103027e-01 9.088383316993713379e-01 5.224158763885498047e-01 4.003757834434509277e-01
5.341382026672363281e-01 5.454121232032775879e-01 6.737669110298156738e-01 2.504928112030029297e-01
5.765674710273742676e-01 3.727437257766723633e-01 5.398436188697814941e-01 1.426068693399429321e-01
1.677316874265670776e-01 1.452675908803939819e-01 8.292904496192932129e-01 1.030101180076599121e-01
9.619381427764892578e-01 6.955083012580871582e-01 5.516376346349716187e-02 8.002666234970092773e-01
8.882407844066619873e-02 9.816788434982299805e-01 6.261514425277709961e-01 6.470202654600143433e-02
1.737374812364578247e-01 9.003242254257202148e-01 9.046800136566162109e-01 6.650962829589843750e-01
1.383913755416870117e-01 2.260371297597885132e-01 6.275140643119812012e-01 7.934274673461914062e-01
1.347153484821319580e-01 6.182241439819335938e-01 6.942866444587707520e-01 9.390946030616760254e-01
5.787290930747985840e-01 9.632197618484497070e-01 6.807435154914855957e-01 1.579218655824661255e-01
5.702161788940429688e-02 5.291935205459594727e-01 5.536132678389549255e-02 1.526466906070709229e-01
2.745653390884399414e-01 1.600076258182525635e-01 2.048008739948272705e-01 3.317711651325225830e-01
9.815727472305297852e-01 2.471080608665943146e-02 3.049225807189941406e-01 4.267784655094146729e-01
1.325819492340087891e-01 2.841095626354217529e-01 8.589326739311218262e-01 2.402068227529525757e-01
8.786797523498535156e-01 7.262617945671081543e-01 5.095036029815673828e-01 3.614606559276580811e-01
4.922440946102142334e-01 4.783350825309753418e-01 8.403984904289245605e-01 9.833179116249084473e-01
7.664296627044677734e-01 5.387015342712402344e-01 3.981612995266914368e-02 1.675708442926406860e-01
6.526311635971069336e-01 3.066444396972656250e-01 2.198859304189682007e-01 5.795512199401855469e-01
2.536082640290260315e-02 3.520694375038146973e-01 5.563030019402503967e-02 7.248354554176330566e-01
7.948749065399169922e-01 9.410806298255920410e-01 4.741685688495635986e-01 8.450085520744323730e-01
8.963610529899597168e-01 1.647113412618637085e-01 7.567039728164672852e-01 7.208344340324401855e-01
9.401807188987731934e-01 4.109597206115722656e-01 1.309968531131744385e-02 8.575683236122131348e-01
3.062715828418731689e-01 5.823904275894165039e-01 2.066718637943267822e-01 8.443702459335327148e-01
9.279072284698486328e-01 2.431191056966781616e-01 1.051819473505020142e-01 6.314364261925220490e-03
4.340951740741729736e-01 5.599740743637084961e-01 2.493387162685394287e-01 2.073554098606109619e-01
1.946868258528411388e-03 5.092764496803283691e-01 4.894729256629943848e-01 5.570651292800903320e-01
8.112620711326599121e-01 9.580438137054443359e-01 9.710128307342529297e-01 9.769037961959838867e-01
1.543589532375335693e-01 9.443409442901611328e-01 6.300560832023620605e-01 5.685042738914489746e-01
5.407148003578186035e-01 8.460616469383239746e-01 8.474549055099487305e-01 5.904348492622375488e-01
6.526407599449157715e-01 2.784821987152099609e-01 5.385068058967590332e-01 4.442870616912841797e-01
4.991660416126251221e-01 7.638832330703735352e-01 7.229143381118774414e-01 9.126500487327575684e-01
2.288473993539810181e-01 9.417198598384857178e-02 7.943440675735473633e-01 3.276959061622619629e-01
7.998048663139343262e-01 3.968880474567413330e-01 5.876839533448219299e-02 3.788074553012847900e-01
2.237984240055084229e-01 1.967355050146579742e-02 6.730083227157592773e-01 8.845381736755371094e-01
1.134746074676513672e-01 6.960174441337585449e-01 6.661662459373474121e-01 3.879156708717346191e-01
4.528687000274658203e-01 9.650997519493103027e-01 7.127960324287414551e-01 4.366558492183685303e-01
2.008932232856750488e-01 9.360541105270385742e-01 6.714818477630615234e-01 9.615302681922912598e-01
2.292220145463943481e-01 3.495999276638031006e-01 6.123383641242980957e-01 6.120523810386657715e-01
8.299611806869506836e-01 8.556044697761535645e-01 4.980084300041198730e-01 5.043476819992065430e-01
2.564316391944885254e-01 9.018002748489379883e-01 1.009293943643569946e-01 6.342182755470275879e-01
6.264809966087341309e-01 1.953068375587463379e-01 9.868546724319458008e-01 7.286674976348876953e-01
5.190774798393249512e-01 3.818739354610443115e-01 8.843526840209960938e-01 8.289596438407897949e-01
5.273017287254333496e-02 9.826778769493103027e-01 3.037573993206024170e-01 3.578618466854095459e-01
1.233750134706497192e-01 5.477739572525024414e-01 5.824120640754699707e-01 6.308535337448120117e-01
3.868967890739440918e-01 1.709595918655395508e-01 1.162651032209396362e-01 6.563625931739807129e-01
8.317965865135192871e-01 6.235868930816650391e-01 2.945503033697605133e-02 5.136271119117736816e-01
9.567281603813171387e-01 5.703673362731933594e-01 4.155288338661193848e-01 6.029203534126281738e-01
7.010278701782226562e-01 4.211854934692382812e-01 3.383906781673431396e-01 9.137794375419616699e-01
3.288524746894836426e-01 2.842373251914978027e-01 2.838175594806671143e-01 1.398051679134368896e-01
8.726168870925903320e-01 2.585687041282653809e-01 7.428019642829895020e-01 8.611965179443359375e-01
8.643811345100402832e-01 6.491840481758117676e-01 7.657272219657897949e-01 9.478537440299987793e-01
4.667261242866516113e-01 3.713926076889038086e-01 1.587202847003936768e-01 9.790377020835876465e-01
4.592156112194061279e-01 9.079287648200988770e-01 8.476975560188293457e-01 8.166342377662658691e-01
3.220004439353942871e-01 6.388339400291442871e-01 9.944160580635070801e-01 1.876758933067321777e-01
1.820694953203201294e-01 8.553809523582458496e-01 5.394137501716613770e-01 5.244101956486701965e-02
8.722192049026489258e-01 9.443857669830322266e-01 2.611290812492370605e-01 4.963953793048858643e-01
6.598375439643859863e-01 7.009764909744262695e-01 8.493274450302124023e-02 1.887896507978439331e-01
8.059879541397094727e-01 7.307098507881164551e-01 6.519821286201477051e-01 6.456755101680755615e-02
3.362219929695129395e-01 9.698721766471862793e-02 8.993028402328491211e-01 6.889956593513488770e-01
7.471362352371215820e-01 3.495911061763763428e-01 1.831015050411224365e-01 4.577034711837768555e-01
9.386641979217529297e-01 9.645410776138305664e-01 5.176011919975280762e-01 7.284861803054809570e-01
4.011380076408386230e-01 5.135955810546875000e-01 2.816276550292968750e-01 2.434164583683013916e-01
8.531655073165893555e-01 5.930991768836975098e-01 1.842084676027297974e-01 7.839528918266296387e-01
9.762423038482666016e-01 2.605676054954528809e-01 1.686829030513763428e-01 7.571995854377746582e-01
6.672918796539306641e-01 9.913123846054077148e-01 9.028341174125671387e-01 5.132322907447814941e-01
9.246405363082885742e-01 8.357954025268554688e-01 4.454135298728942871e-01 2.204377017915248871e-02
4.493126869201660156e-01 9.307494163513183594e-01 9.325084686279296875e-01 4.320871233940124512e-01
1.948882043361663818e-01 4.857671260833740234e-01 8.964620828628540039e-01 8.785372972488403320e-01
1.103581786155700684e-01 3.288811445236206055e-01 5.576283335685729980e-01 9.616843461990356445e-01
3.580498993396759033e-01 3.856993615627288818e-01 1.919496804475784302e-01 9.697955250740051270e-01
1.109540909528732300e-01 4.678167104721069336e-01 1.123290508985519409e-01 7.657489776611328125e-01
8.575276136398315430e-01 8.363296985626220703e-01 1.153323575854301453e-01 5.101561546325683594e-01
4.681026637554168701e-01 5.157337784767150879e-01 9.065978527069091797e-01 4.196407496929168701e-01
5.072936415672302246e-02 9.150166511535644531e-01 6.102409958839416504e-01 2.834182046353816986e-02
4.800184071063995361e-01 8.299228549003601074e-01 2.221052497625350952e-01 1.194832250475883484e-01
3.568898439407348633e-01 5.281872153282165527e-01 8.240421414375305176e-01 5.499249100685119629e-01
2.166505604982376099e-01 2.797310054302215576e-01 1.101984083652496338e-01 5.578995943069458008e-01
1.254661679267883301e-01 9.792312383651733398e-01 2.222995758056640625e-01 1.924272775650024414e-01
8.259955644607543945e-01 4.517457261681556702e-02 1.015720888972282410e-01 1.503145992755889893e-01
8.255766332149505615e-02 3.920408487319946289e-01 2.712488472461700439e-01 8.490673899650573730e-01
3.841161429882049561e-01 3.423589766025543213e-01 7.997731566429138184e-01 7.355234026908874512e-01
8.037688732147216797e-01 1.378435045480728149e-01 6.940715312957763672e-01 1.722531169652938843e-01
7.652221322059631348e-01 6.168363243341445923e-02 3.776418864727020264e-01 3.609658479690551758e-01
8.124274611473083496e-01 3.459606766700744629e-01 1.649457663297653198e-01 3.978213667869567871e-01
1.767913699150085449e-01 9.912475347518920898e-01 8.816297054290771484e-01 1.495580226182937622e-01
6.991491466760635376e-02 8.053182363510131836e-01 9.974933266639709473e-01 1.495818346738815308e-01
7.246340513229370117e-01 4.781020060181617737e-02 2.349572479724884033e-01 8.877824544906616211e-01
7.067582011222839355e-01 7.768983840942382812e-01 5.213365554809570312e-01 8.601340651512145996e-01
4.296023547649383545e-01 8.427146673202514648e-01 2.247328013181686401e-01 4.001807868480682373e-01
5.125688314437866211e-01 7.145422697067260742e-01 1.941817104816436768e-01 1.120721772313117981e-01
2.075021564960479736e-01 4.468696415424346924e-01 3.217373490333557129e-01 4.241611063480377197e-01
6.490257978439331055e-01 1.497021466493606567e-01 6.663848757743835449e-01 1.883842498064041138e-01
8.009357452392578125e-01 6.853097081184387207e-01 7.776536941528320312e-01 6.219301819801330566e-01
1.454791128635406494e-01 3.682854771614074707e-01 7.569333314895629883e-01 5.400739312171936035e-01
3.966533839702606201e-01 2.495688498020172119e-01 2.529444098472595215e-01 7.811870574951171875e-01
4.091729521751403809e-01 8.140469789505004883e-01 6.875787973403930664e-01 3.236019909381866455e-01
5.650869607925415039e-01 9.326081275939941406e-01 2.997981309890747070e-01 4.845680892467498779e-01
2.340674698352813721e-01 5.576317906379699707e-01 2.532052397727966309e-01 9.637481570243835449e-01
9.743885993957519531e-01 1.742589026689529419e-01 9.369391202926635742e-01 6.293674111366271973e-01
7.398144602775573730e-01 3.795257210731506348e-01 4.330577850341796875e-01 8.756858110427856445e-01
3.744736015796661377e-01 6.391049921512603760e-02 7.819589227437973022e-02 2.569012045860290527e-01
9.628657102584838867e-01 2.100725620985031128e-01 2.788349986076354980e-01 2.710727751255035400e-01
7.634101063013076782e-02 8.767971396446228027e-01 8.005948066711425781e-01 6.171508431434631348e-01
7.481604814529418945e-01 1.698515266180038452e-01 3.731957077980041504e-01 5.505070090293884277e-01
2.303850650787353516e-01 5.674956440925598145e-01 6.343546509742736816e-01 3.723984658718109131e-01
5.111259818077087402e-01 7.224735021591186523e-01 3.745962977409362793e-01 1.400568485260009766e-01
5.063439011573791504e-01 9.459525346755981445e-01 1.454083919525146484e-01 5.958459973335266113e-01
4.718061685562133789e-01 4.352764189243316650e-01 4.440737664699554443e-01 9.897150397300720215e-01
4.706629216670989990e-01 8.563024997711181641e-01 8.399804830551147461e-01 4.439257830381393433e-02
1.150307804346084595e-02 8.094065189361572266e-01 2.166184186935424805e-01 2.871086597442626953e-01
1.126360893249511719e-01 2.362469583749771118e-01 5.871463418006896973e-01 6.643334031105041504e-01
2.851108908653259277e-01 9.855518937110900879e-01 3.180785849690437317e-02 4.435733556747436523e-01
9.802952408790588379e-01 5.100240185856819153e-02 8.444424867630004883e-01 1.264114081859588623e-01
6.327962875366210938e-01 1.586806178092956543e-01 9.316439628601074219e-01 8.075631856918334961e-01
9.244132041931152344e-01 4.902183711528778076e-01 6.320938467979431152e-01 2.303462922573089600e-01
2.790029048919677734e-01 3.872858881950378418e-01 9.767449498176574707e-01 2.233673781156539917e-01
7.411474585533142090e-01 4.132989048957824707e-01 3.888941705226898193e-01 5.751557350158691406e-01
8.148502707481384277e-01 2.833238840103149414e-01 9.551058709621429443e-02 3.056901097297668457e-01
1.939140260219573975e-01 9.311686754226684570e-01 8.827362954616546631e-02 8.243901133537292480e-01
8.917105197906494141e-01 3.575717508792877197e-01 7.090561985969543457e-01 4.739815592765808105e-01
8.023758530616760254e-01 7.851950526237487793e-01 6.590512990951538086e-01 4.945737421512603760e-01
2.783839218318462372e-02 7.167927026748657227e-01 4.119545221328735352e-02 4.499628245830535889e-01
1.213800832629203796e-01 1.962353289127349854e-02 9.445047378540039062e-01 3.732018768787384033e-01
1.909299492835998535e-01 8.357335925102233887e-01 1.604812741279602051e-01 5.015869140625000000e-01
3.687008917331695557e-01 5.856668949127197266e-01 4.558443725109100342e-01 3.241469562053680420e-01
5.634333491325378418e-01 5.940526723861694336e-01 8.883906155824661255e-02 4.294197261333465576e-01
6.438032388687133789e-01 4.479703307151794434e-01 3.404136896133422852e-01 4.944882988929748535e-01
8.288576602935791016e-01 2.242481559514999390e-01 9.952524900436401367e-01 1.862709783017635345e-02
5.998921394348144531e-01 1.905197054147720337e-01 4.139532744884490967e-01 4.397262036800384521e-01
6.788784861564636230e-01 6.510474681854248047e-01 4.694770276546478271e-01 2.100394517183303833e-01
3.207521736621856689e-01 1.652585864067077637e-01 8.003368228673934937e-02 5.927969217300415039e-01
9.213728904724121094e-01 9.210512638092041016e-01 6.415713429450988770e-01 7.931427955627441406e-01
3.113453090190887451e-01 7.782882452011108398e-01 3.479790389537811279e-01 3.409090936183929443e-01
2.981890439987182617e-01 8.813512921333312988e-01 7.229989767074584961e-01 5.125851631164550781e-01
6.204605698585510254e-01 6.701412200927734375e-01 4.173949360847473145e-01 6.928584575653076172e-01
5.257390141487121582e-01 2.454057633876800537e-01 4.952621459960937500e-01 7.041993141174316406e-01
5.430622696876525879e-01 9.300159215927124023e-01 7.093293666839599609e-01 8.768075108528137207e-01
2.769827842712402344e-01 6.920222043991088867e-01 4.148850739002227783e-01 2.464147657155990601e-01
8.936563730239868164e-01 6.727052330970764160e-01 1.805041730403900146e-02 6.033427119255065918e-01
7.908309996128082275e-02 8.188453316688537598e-02 1.417644470930099487e-01 8.609749674797058105e-01
7.068097591400146484e-01 9.787763357162475586e-01 3.862619996070861816e-01 9.802960157394409180e-01
7.669526934623718262e-01 4.893108308315277100e-01 9.927282929420471191e-01 3.226518630981445312e-01
9.737946391105651855e-01 9.168918728828430176e-01 2.101491391658782959e-02 5.851044654846191406e-01
5.412706732749938965e-01 7.994711995124816895e-01 4.872577488422393799e-01 1.452435255050659180e-01
6.453839540481567383e-01 6.247189044952392578e-01 9.860816597938537598e-01 4.096815586090087891e-01
7.589728385210037231e-02 7.193939089775085449e-01 5.652688741683959961e-01 4.273089766502380371e-01
7.491579055786132812e-01 8.887609243392944336e-01 8.636051416397094727e-01 9.266431927680969238e-01
8.507474660873413086e-01 8.565887808799743652e-01 5.625683069229125977e-02 7.195765972137451172e-01
7.974079251289367676e-01 2.461605668067932129e-01 2.371845096349716187e-01 6.494727134704589844e-01
7.263925075531005859e-01 8.152920007705688477e-01 9.316375255584716797e-01 2.882343232631683350e-01
8.142846226692199707e-01 5.370561480522155762e-01 4.950968623161315918e-01 9.045348167419433594e-01
4.157787859439849854e-01 4.164228737354278564e-01 3.576912283897399902e-01 1.456912457942962646e-01
8.596057295799255371e-01 9.161021709442138672e-01 7.611609697341918945e-01 9.086337685585021973e-01
8.144665509462356567e-02 8.795731663703918457e-01 2.363836467266082764e-01 9.700297117233276367e-01
9.019960165023803711e-01 7.625812292098999023e-01 7.968892455101013184e-01 5.231762528419494629e-01
9.649277329444885254e-01 3.881711661815643311e-01 4.125015735626220703e-01 4.094098135828971863e-02
1.883278340101242065e-01 2.435449957847595215e-01 2.944917082786560059e-01 9.918633103370666504e-01
2.358429878950119019e-01 1.965263783931732178e-01 2.288486994802951813e-02 5.354062914848327637e-01
9.982369542121887207e-01 6.314954757690429688e-01 5.117056369781494141e-01 8.524391800165176392e-02
1.060972511768341064e-01 1.370670199394226074e-01 6.293379664421081543e-01 1.824692338705062866e-01
4.522765576839447021e-01 4.873956739902496338e-02 3.425919413566589355e-01 8.073085546493530273e-01
6.658397912979125977e-01 5.926414132118225098e-01 6.646358966827392578e-01 8.503160476684570312e-01
9.335640668869018555e-01 4.776004254817962646e-01 5.123544931411743164e-01 6.709697246551513672e-01
4.606347531080245972e-02 4.105179309844970703e-01 8.692032098770141602e-01 5.398618578910827637e-01
7.530713677406311035e-01 8.445990085601806641e-01 5.726984143257141113e-01 6.824514865875244141e-01
4.985152781009674072e-01 2.173474580049514771e-01 3.451955020427703857e-01 8.588228821754455566e-01
7.763766646385192871e-01 7.900193929672241211e-01 2.786452770233154297e-01 6.621544957160949707e-01
6.126682758331298828e-01 4.113386571407318115e-01 5.844718217849731445e-01 2.988250255584716797e-01
7.860590219497680664e-01 5.968461632728576660e-01 3.702687919139862061e-01 4.274771213531494141e-01
3.614223003387451172e-01 2.854463756084442139e-01 3.723427355289459229e-01 8.657524585723876953e-01
8.178936243057250977e-01 1.107015162706375122e-01 9.792279601097106934e-01 7.804555296897888184e-01
3.382539153099060059e-01 2.627513110637664795e-01 3.278632164001464844e-01 9.270591735839843750e-01
2.253284901380538940e-01 6.889104843139648438e-01 3.429707139730453491e-02 3.176824152469635010e-01
9.176372885704040527e-01 5.682774186134338379e-01 4.358900785446166992e-01 5.963360071182250977e-01
8.753938674926757812e-01 9.878942966461181641e-01 4.220904409885406494e-01 9.256708621978759766e-01
1.843443363904953003e-01 6.048713251948356628e-02 9.134261012077331543e-01 9.170833230018615723e-01
3.811916708946228027e-02 9.541805088520050049e-02 5.648348927497863770e-01 3.893228769302368164e-01
5.315343663096427917e-02 7.892240881919860840e-01 5.577222108840942383e-01 2.559856176376342773e-01
2.224666178226470947e-01 1.542302221059799194e-01 1.562955528497695923e-01 1.592148989439010620e-01
4.475674033164978027e-01 7.550712823867797852e-01 5.920565128326416016e-01 1.766580343246459961e-01
2.680530957877635956e-02 8.838778734207153320e-01 9.663628339767456055e-01 8.371115475893020630e-02
4.989969134330749512e-01 2.993255257606506348e-01 9.890486598014831543e-01 6.914195418357849121e-01
4.752252101898193359e-01 6.020166873931884766e-01 1.150321960449218750e-01 7.285398840904235840e-01
1.092841252684593201e-01 4.245921671390533447e-01 2.676172852516174316e-01 3.858022391796112061e-01
2.246731668710708618e-01 8.220918178558349609e-01 1.255214959383010864e-01 5.528836250305175781e-01
2.018043398857116699e-02 4.687952995300292969e-01 8.364508152008056641e-01 4.914802908897399902e-01
1.106741875410079956e-01 8.969780802726745605e-01 2.431598603725433350e-01 9.028580188751220703e-01
1.206689551472663879e-01 8.593408465385437012e-01 1.685236394405364990e-01 8.233072161674499512e-01
2.901327610015869141e-01 4.637800157070159912e-01 4.347605407238006592e-01 6.523368358612060547e-01
3.130807876586914062e-01 6.071379780769348145e-01 6.741012930870056152e-01 6.494137644767761230e-01
3.639143109321594238e-01 7.198346853256225586e-01 3.595317006111145020e-01 7.458581924438476562e-01
8.018512725830078125e-01 6.538799405097961426e-01 6.547085046768188477e-01 5.828154087066650391e-01
4.058546721935272217e-01 7.907332777976989746e-01 8.255695104598999023e-01 9.830255508422851562e-01
3.108571171760559082e-01 3.374059498310089111e-01 3.227103948593139648e-01 8.459878712892532349e-02
6.746963858604431152e-01 1.738745868206024170e-01 1.710269302129745483e-01 1.414554268121719360e-01
7.335318326950073242e-01 1.554413735866546631e-01 6.462047100067138672e-01 9.290516376495361328e-01
5.203061699867248535e-01 8.168784976005554199e-01 7.445910573005676270e-01 2.112927436828613281e-01
3.035379350185394287e-01 8.676265478134155273e-01 2.343087196350097656e-01 7.657604813575744629e-01
3.998221755027770996e-01 6.433740258216857910e-01 7.332445383071899414e-01 2.612520456314086914e-01
9.733598828315734863e-01 4.851374924182891846e-01 4.956601262092590332e-01 8.376449942588806152e-01
3.545398414134979248e-01 4.509513676166534424e-01 7.660517096519470215e-01 5.027011036872863770e-01
3.501034677028656006e-01 5.774054527282714844e-01 4.845946133136749268e-01 5.986326932907104492e-01
2.316005378961563110e-01 8.437923192977905273e-01 3.870874941349029541e-01 7.555896043777465820e-01
8.180325627326965332e-01 1.286195311695337296e-02 9.299591183662414551e-01 1.427230685949325562e-01
4.168636798858642578e-01 1.653245836496353149e-01 4.598942399024963379e-01 4.743172824382781982e-01
4.924504458904266357e-02 5.604427456855773926e-01 6.762837767601013184e-01 5.205603837966918945e-01
8.362251520156860352e-01 4.197069406509399414e-01 9.911305308341979980e-01 6.779918819665908813e-02
9.091325998306274414e-01 4.681458473205566406e-01 4.643524289131164551e-01 5.871860384941101074e-01
2.566919028759002686e-01 7.500962018966674805e-01 7.696543931961059570e-01 5.624225735664367676e-01
7.933201193809509277e-01 6.029472351074218750e-01 2.313173711299896240e-01 1.434099674224853516e-01
2.275596372783184052e-02 5.644602775573730469e-01 2.614509463310241699e-01 8.206273913383483887e-01
8.766764998435974121e-01 3.623577654361724854e-01 7.756671905517578125e-01 4.494799971580505371e-01
1.176677942276000977e-01 2.986617982387542725e-01 9.971460700035095215e-01 4.596925079822540283e-01
2.753052115440368652e-01 2.871466577053070068e-01 8.946893215179443359e-01 1.620766520500183105e-02
9.232086539268493652e-01 7.900066971778869629e-01 4.146413132548332214e-02 1.837985776364803314e-02
9.167883396148681641e-01 6.662471685558557510e-03 4.316975772380828857e-01 2.883916720747947693e-02
3.323207199573516846e-01 4.098767340183258057e-01 5.877268314361572266e-01 5.187198519706726074e-01
8.620249032974243164e-01 3.098033964633941650e-01 5.902855396270751953e-01 4.618315994739532471e-01
8.181151151657104492e-01 4.642197191715240479e-01 1.739312857389450073e-01 1.976243406534194946e-01
4.515047669410705566e-01 2.310628741979598999e-01 6.351640820503234863e-01 7.316890954971313477e-01
5.985431671142578125e-01 1.471436768770217896e-01 7.229023575782775879e-01 2.850029766559600830e-01
6.897969841957092285e-01 8.901146650314331055e-01 6.688778400421142578e-01 2.303733825683593750e-01
5.641002058982849121e-01 7.895416617393493652e-01 2.377808392047882080e-01 3.598755598068237305e-02
2.152642756700515747e-01 2.982139885425567627e-01 8.057101368904113770e-01 4.174399077892303467e-01
3.080329895019531250e-01 8.196731209754943848e-01 4.531690180301666260e-01 9.682051837444305420e-02
1.796415895223617554e-01 9.335929155349731445e-02 6.528382301330566406e-01 3.504634276032447815e-02
3.102481663227081299e-01 4.213724285364151001e-02 3.634088635444641113e-01 9.374992847442626953e-01
3.770684590563178062e-03 2.522774040699005127e-01 6.295062899589538574e-01 4.529668092727661133e-01
1.510472297668457031e-01 4.045564234256744385e-01 5.644589290022850037e-02 1.801880449056625366e-01
8.900696039199829102e-01 5.229979157447814941e-01 3.553476333618164062e-01 6.138600707054138184e-01
9.507026076316833496e-01 2.328946441411972046e-01 2.309677749872207642e-01 7.387931942939758301e-01
1.944147609174251556e-02 9.649282693862915039e-01 8.271054625511169434e-01 2.726512849330902100e-01
1.455162018537521362e-01 4.431057274341583252e-01 6.381157040596008301e-01 8.842711448669433594e-01
9.768581986427307129e-01 7.431809306144714355e-01 2.290789596736431122e-02 3.579319417476654053e-01
4.052177071571350098e-01 6.389435380697250366e-02 6.345450282096862793e-01 1.198569312691688538e-01
2.712693512439727783e-01 4.910842776298522949e-01 7.202975153923034668e-01 7.658294439315795898e-01
4.799692332744598389e-01 5.339754223823547363e-01 6.831824779510498047e-01 2.780992090702056885e-01
7.992298603057861328e-01 8.609179258346557617e-01 8.885258436203002930e-01 4.724899232387542725e-01
8.594176769256591797e-01 7.044491767883300781e-01 8.587106466293334961e-01 2.319781035184860229e-01
4.438441991806030273e-01 2.913433909416198730e-01 5.270655080676078796e-02 7.870327234268188477e-01
8.771123290061950684e-01 6.201616525650024414e-01 3.205380737781524658e-01 5.731463432312011719e-01
8.899164199829101562e-01 2.021758109331130981e-01 6.333747506141662598e-01 3.573891818523406982e-01
9.433375000953674316e-01 5.531007647514343262e-01 1.924789249897003174e-01 6.503422856330871582e-01
9.835935235023498535e-01 8.673341870307922363e-01 4.410066008567810059e-01 7.162569165229797363e-01
7.153530120849609375e-01 2.302616685628890991e-01 9.047098457813262939e-03 1.639764569699764252e-02
8.639144301414489746e-01 2.583084814250469208e-02 1.211869865655899048e-01 6.956517696380615234e-01
6.044792532920837402e-01 5.572675466537475586e-01 1.293281614780426025e-01 3.409989476203918457e-01
1.691531687974929810e-01 7.081629633903503418e-01 9.240106344223022461e-01 4.520711004734039307e-01
2.836355268955230713e-01 1.008514687418937683e-01 7.211783528327941895e-01 1.499667763710021973e-01
5.032503008842468262e-01 2.410850487649440765e-02 8.836155533790588379e-01 3.264937400817871094e-01
1.478575468063354492e-01 8.499673008918762207e-02 2.311036922037601471e-02 8.818099498748779297e-01
5.516967177391052246e-01 1.660968810319900513e-01 9.399284124374389648e-01 3.558498919010162354e-01
5.443329215049743652e-01 3.374551832675933838e-01 4.013666212558746338e-01 7.329547405242919922e-01
3.086937069892883301e-01 4.263769090175628662e-01 9.860814213752746582e-01 6.422427892684936523e-01
2.708081305027008057e-01 8.680288195610046387e-01 6.184301376342773438e-01 9.920189380645751953e-01
2.181769013404846191e-01 6.271217465400695801e-01 3.873257339000701904e-01 9.056959152221679688e-01
3.109149932861328125e-01 1.468267738819122314e-01 6.814363598823547363e-01 8.028198480606079102e-01
3.149421215057373047e-01 4.939493834972381592e-01 3.742958307266235352e-01 6.363412737846374512e-01
2.478989213705062866e-01 6.241567134857177734e-01 8.518142104148864746e-01 1.436306163668632507e-02
4.347159862518310547e-01 2.406842708587646484e-01 1.763111054897308350e-01 6.831169128417968750e-01
6.360319852828979492e-01 7.894665002822875977e-01 5.501155853271484375e-01 8.152517080307006836e-01
9.627602100372314453e-01 9.254523515701293945e-01 4.098149240016937256e-01 9.987126588821411133e-01
8.945119380950927734e-01 8.262599110603332520e-01 8.799463510513305664e-01 7.078293561935424805e-01
9.873601198196411133e-01 3.219414055347442627e-01 6.253885626792907715e-01 5.251113176345825195e-01
2.719859220087528229e-02 3.943772315979003906e-01 3.380380868911743164e-01 7.947021722793579102e-01
4.784315228462219238e-01 7.853566408157348633e-01 4.011036753654479980e-01 4.514494538307189941e-01
3.842502236366271973e-01 1.163172647356987000e-01 8.159832954406738281e-01 6.659901142120361328e-01
5.337342619895935059e-01 6.221922039985656738e-01 4.023295640945434570e-01 1.169846430420875549e-01
4.259859323501586914e-01 1.451383903622627258e-02 1.206585913896560669e-01 3.172715008258819580e-01
6.208370625972747803e-02 6.764143705368041992e-01 1.479578614234924316e-01 9.534612298011779785e-01
4.524947106838226318e-01 3.380370140075683594e-01 6.946153640747070312e-01 2.134476453065872192e-01
1.596285700798034668e-01 5.758354663848876953e-01 7.462484240531921387e-01 8.115021586418151855e-01
1.972426772117614746e-01 5.607766509056091309e-01 5.655773878097534180e-01 9.830383211374282837e-02
7.896693944931030273e-01 8.080113530158996582e-01 2.380289137363433838e-01 2.454134672880172729e-01
9.643091559410095215e-01 3.004159927368164062e-01 5.906016379594802856e-02 2.998714148998260498e-01
2.539197504520416260e-01 7.869304418563842773e-01 3.841321170330047607e-01 8.056688308715820312e-01
7.440868020057678223e-01 7.343202233314514160e-01 2.777303457260131836e-01 4.305769503116607666e-01
6.633648872375488281e-01 9.458198212087154388e-03 7.885479331016540527e-01 2.204601094126701355e-02
4.817986786365509033e-01 9.755424261093139648e-01 3.694297075271606445e-01 3.121674358844757080e-01
2.766229212284088135e-01 8.107007145881652832e-01 1.784440428018569946e-01 2.200047224760055542e-01
4.291444718837738037e-01 6.649909019470214844e-01 8.946100473403930664e-01 1.035786494612693787e-01
5.379214286804199219e-01 4.695785343647003174e-01 2.552718520164489746e-01 5.227600410580635071e-02
4.587905406951904297e-01 1.941897273063659668e-01 7.873525023460388184e-01 3.083564937114715576e-01
1.445745676755905151e-01 2.440179139375686646e-01 5.948927998542785645e-01 9.377114176750183105e-01
3.135156631469726562e-01 3.161724507808685303e-01 9.178850650787353516e-01 7.219309806823730469e-01
4.084735810756683350e-01 4.533052742481231689e-01 2.919234633445739746e-01 6.312631964683532715e-01
8.379331827163696289e-01 2.478127032518386841e-01 1.054854616522789001e-01 9.433982968330383301e-01
7.225846052169799805e-01 5.248392224311828613e-01 5.300278663635253906e-01 1.749643385410308838e-01
4.009507000446319580e-01 6.354598999023437500e-01 2.426652610301971436e-01 6.293544173240661621e-01
9.311251044273376465e-01 2.115987241268157959e-02 5.372999310493469238e-01 9.263178110122680664e-01
7.860480546951293945e-01 3.574223518371582031e-01 5.356231331825256348e-01 6.647102236747741699e-01
6.108164787292480469e-01 7.271954417228698730e-01 6.679462194442749023e-01 8.703935891389846802e-02
3.219080865383148193e-01 8.596609830856323242e-01 1.207376345992088318e-01 8.393345475196838379e-01
9.353182911872863770e-01 2.938515543937683105e-01 1.280628517270088196e-02 1.502101570367813110e-01
8.722954988479614258e-01 2.131738960742950439e-01 8.875179290771484375e-01 7.912023067474365234e-01
1.101758852601051331e-01 6.519510149955749512e-01 9.846565723419189453e-01 9.452516436576843262e-01
9.736661911010742188e-01 4.282430708408355713e-01 5.151584148406982422e-01 7.921588420867919922e-01
3.304259106516838074e-02 6.011300683021545410e-01 9.014141559600830078e-01 7.379870116710662842e-02
6.256422996520996094e-01 8.562053442001342773e-01 7.142661213874816895e-01 2.962466478347778320e-01
1.646106988191604614e-01 7.428035736083984375e-01 9.548340439796447754e-01 7.628827691078186035e-01
9.324632883071899414e-01 3.394934833049774170e-01 3.641575872898101807e-01 7.771941423416137695e-01
8.067347109317779541e-02 6.152651086449623108e-02 8.954797685146331787e-02 8.991808891296386719e-01
8.099626749753952026e-02 4.596324637532234192e-03 7.725184559822082520e-01 4.285616576671600342e-01
1.414560526609420776e-01 3.401130735874176025e-01 9.673199057579040527e-01 3.092411756515502930e-01
3.222336471080780029e-01 9.627305865287780762e-01 6.700217127799987793e-01 7.360822558403015137e-01
3.237408697605133057e-01 7.870463728904724121e-01 4.763037264347076416e-01 6.799938678741455078e-01
2.800612747669219971e-01 2.786446511745452881e-01 2.822653353214263916e-01 1.097226068377494812e-01
1.669951528310775757e-01 2.028125375509262085e-01 4.123055934906005859e-01 5.539713501930236816e-01
5.451959967613220215e-01 8.977441191673278809e-01 2.093930393457412720e-01 4.724191725254058838e-01
5.014383792877197266e-02 3.147170543670654297e-01 2.815859913825988770e-01 1.647114194929599762e-02
3.457068204879760742e-01 3.423671126365661621e-01 3.633173108100891113e-01 6.522480249404907227e-01
8.958537578582763672e-01 7.414543628692626953e-01 2.019066512584686279e-01 4.967946410179138184e-01
6.653046011924743652e-01 3.924204409122467041e-01 4.803560972213745117e-01 6.479787081480026245e-02
8.647807240486145020e-01 7.799041867256164551e-01 2.176935672760009766e-01 7.041102051734924316e-01
5.922771692276000977e-01 2.150299698114395142e-01 3.798015117645263672e-01 5.071219801902770996e-01
4.730774164199829102e-01 6.883331537246704102e-01 7.488601654767990112e-02 4.198789894580841064e-01
9.096981287002563477e-01 9.884281754493713379e-01 9.089430570602416992e-01 2.052740454673767090e-01
7.972944974899291992e-01 1.643885672092437744e-01 3.084272146224975586e-01 3.659532070159912109e-01
2.605980932712554932e-01 1.212563663721084595e-01 2.937727570533752441e-01 4.695663452148437500e-01
9.234489798545837402e-01 3.971656262874603271e-01 7.013286948204040527e-01 8.375453762710094452e-03
5.369437336921691895e-01 7.068082094192504883e-01 9.308724403381347656e-01 6.913492083549499512e-01
3.340913951396942139e-01 2.387410402297973633e-01 5.246220827102661133e-01 2.303235977888107300e-01
4.382905960083007812e-01 1.115669980645179749e-01 4.470103085041046143e-01 9.140601158142089844e-01
1.649826467037200928e-01 3.698407709598541260e-01 7.486766576766967773e-01 3.226827681064605713e-01
1.773432791233062744e-01 4.529239833354949951e-01 8.896224498748779297e-01 2.972408235073089600e-01
8.001431822776794434e-01 5.063123106956481934e-01 8.772823214530944824e-01 9.103837609291076660e-01
1.658713817596435547e-02 6.658202409744262695e-01 3.781625926494598389e-01 2.302131503820419312e-01
1.149845570325851440e-01 9.308077096939086914e-01 1.566142290830612183e-01 1.609904170036315918e-01
1.937098354101181030e-01 3.447927534580230713e-02 5.336019992828369141e-01 7.565521597862243652e-01
3.616948127746582031e-01 9.538253545761108398e-01 7.924076318740844727e-01 1.127235814929008484e-01
3.779717385768890381e-01 3.937190771102905273e-01 9.189599156379699707e-01 5.841698050498962402e-01
9.886910319328308105e-01 8.413545787334442139e-02 7.135226726531982422e-01 6.708793640136718750e-01
1.421153545379638672e-01 6.174945458769798279e-02 8.012083768844604492e-01 8.297568559646606445e-01
9.202934056520462036e-02 6.134892106056213379e-01 7.551099359989166260e-02 5.312599539756774902e-01
2.840757966041564941e-01 7.259106040000915527e-01 5.535306334495544434e-01 3.024727664887905121e-02
9.633991718292236328e-01 5.299411416053771973e-01 9.426156282424926758e-01 4.821726679801940918e-01
3.282200992107391357e-01 7.285584807395935059e-01 8.195531368255615234e-01 7.775815129280090332e-01
2.995999529957771301e-02 5.514485239982604980e-01 4.901778995990753174e-01 6.109896898269653320e-01
2.776289284229278564e-01 6.519719958305358887e-01 5.177488327026367188e-01 1.709819138050079346e-01
6.993557214736938477e-01 3.961856365203857422e-01 7.932068705558776855e-01 1.911766976118087769e-01
9.198170304298400879e-01 8.479911088943481445e-01 1.647224873304367065e-01 8.811839222908020020e-01
5.949490070343017578e-01 5.249090194702148438e-01 4.300945103168487549e-01 4.836423099040985107e-01
4.165750369429588318e-02 6.348125338554382324e-01 5.156714320182800293e-01 6.989740766584873199e-03
8.045098185539245605e-01 9.829813241958618164e-01 3.785261809825897217e-01 6.139352545142173767e-02
8.949067592620849609e-01 4.942232370376586914e-01 6.009263396263122559e-01 2.607381939888000488e-01
7.630028724670410156e-01 5.804042448289692402e-04 5.238471031188964844e-01 6.290363073348999023e-01
7.250472903251647949e-02 3.399609625339508057e-01 5.051823854446411133e-01 4.784806668758392334e-01
9.399013519287109375e-01 7.055186629295349121e-01 5.403174757957458496e-01 3.489093184471130371e-01
4.142774641513824463e-01 2.946238517761230469e-01 7.756541967391967773e-01 7.753220200538635254e-01
7.876297235488891602e-01 8.708793669939041138e-02 2.873516976833343506e-01 6.912592649459838867e-01
2.275973707437515259e-01 5.078671574592590332e-01 2.919226288795471191e-01 7.432615160942077637e-01
6.202101111412048340e-01 9.546194672584533691e-01 7.244848012924194336e-01 5.905420184135437012e-01
2.250521630048751831e-01 4.225844442844390869e-01 6.224540472030639648e-01 9.236060380935668945e-01
1.441402435302734375e-01 6.768527030944824219e-01 3.609966039657592773e-01 4.555640220642089844e-01
