D:
1.0707757829367472e+10, 2.5895814659640737e+09, 4.0649706407718968e+09, -7.1871930178296164e+07, 2.9207824216320375e-07, 5.2286231183711088e-09;
2.5895814659640737e+09, 9.1537380585056381e+09, 3.5508237232838421e+09, -4.3496482668425247e+07, 1.2558364457553644e-07, 5.2292477397319405e-08;
4.0649706407718968e+09, 3.5508237232838421e+09, 1.0513200799667380e+11, -3.8169600511411361e+07, -5.2241351680731025e-07, 2.2564992275781616e-06;
-7.1871930178296149e+07, -4.3496482668425269e+07, -3.8169600511411376e+07, 3.1798864687192984e+09, -9.8076338837427520e-08, 7.1210666489341542e-08;
2.9207824216320428e-07, 1.2558364457553644e-07, -5.2241351680731099e-07, -9.8076338837427520e-08, 4.1754875427447162e+09, -6.6370042322948426e+07;
5.2286231183708441e-09, 5.2292477397320331e-08, 2.2564992275781611e-06, 7.1210666489341013e-08, -6.6370042322948426e+07, 3.5524144825729861e+09

Volume_total:
5.000000e-02

dump_names:
corrs_rs:
output/corrs_le



save_names:
corrs_rs:
output/corrs_le



vol:
fraction_Yf:
5.957810e-01

fraction_Ym:
4.042190e-01

volume_Yf:
2.9789051750000045e-02

volume_Ym:
2.0210948250000031e-02



