5.642478302202600382e+00
8.994935331492664998e-01
2.571683270593814630e+00
1.137413939919605932e+00
8.166246835843161023e+00
3.121728347945091908e+00
1.781261366237797628e+00
1.265396119671178266e+00
3.208715372942966937e+00
2.183859932914048940e+01
5.573661281710785786e+00
1.403841417086971299e+00
3.363631625621417598e+00
1.342724656602186606e+01
1.807507873842901347e+00
1.676237720296819278e+00
1.635258895288100867e+00
3.826024074605171688e+00
1.576214845732072378e+00
3.333472421976061639e+00
1.361081743469896299e+00
8.301652329897418525e+00
2.070482982824889628e+00
5.192038921327842615e+00
1.499503467511074328e+00
5.922023410896689377e+00
1.200590508444066007e+00
1.852285439159932157e+00
1.034994206642654735e+00
1.735496552280541893e+00
1.757260601318615834e+00
5.866502877504873759e+00
1.127401510298650544e+00
9.822074384688949111e-01
5.917490591086409957e+00
1.519581283255196258e+00
5.688646793145275105e+00
1.008553229147070018e+00
1.006056383311311864e+00
5.624166725761345909e+00
4.903604666994780814e+00
2.015266681689591888e+00
1.108414360595054049e+00
7.165490109898395410e+00
1.156706618391030839e+00
1.894114551525392542e+01
1.874093095385366325e+01
1.862906960851115512e+00
1.212968269527881127e+01
3.456261241709248200e+00
1.247576646707559256e+01
1.577247487461051367e+00
3.590652434712297669e+00
1.200559963612851888e+00
2.715007309197872942e+01
6.123581249299191676e+00
3.975224361362792891e+00
2.129631176820294236e+00
1.402282283809512142e+00
8.733930916475829420e+00
5.061101026433475703e+00
8.593111155829127323e-01
3.321641496015331985e+00
2.963811380809951768e+00
3.664201734545824429e+00
2.331734559147556141e+01
1.077733939266795815e+01
3.805479466827569990e+00
2.203373812792765118e+00
7.882363139879635661e+00
7.941567887938378867e+00
1.887448226339482060e+00
1.421784612618588461e+00
3.091128886265433362e+00
1.013839196080421878e+01
1.421303340352856992e+00
2.500247433237478667e+00
2.168919905350892297e+00
7.306123137765051512e-01
2.153911745606311712e+00
1.398287083925847440e+00
4.609822671578015729e+00
1.905688203334898079e+00
1.484917535483559758e+00
5.983085007657137133e+00
5.600059679435378257e+01
3.858367062824176852e+00
2.572380451291874426e+00
2.209500163440924592e+00
1.710530462374635796e+00
1.118694799342353052e+00
4.600226997844042209e+00
1.267443768644248347e+00
2.122511749174946782e+00
7.289429521555682578e-01
1.148714775907505370e+00
2.104633316662603448e+00
7.944809936178426568e+00
3.203524714614522484e+00
5.053437645601469796e+00
