9.741612881408924229e-01 9.345553130768573524e-01
5.639199727773289705e-01 2.423612611258001148e-01
1.593029122252278273e-01 5.119750995148448780e-01
2.424346400048327799e-01 6.267622423202237059e-01
1.915938724848439412e-01 2.849795510025116552e-01
3.054749627762637920e-01 1.915064614158413780e-01
9.763553183858483253e-01 9.138134984725632126e-01
3.964586744196307855e-01 8.933888335479840404e-01
5.973290603011198741e-01 2.775635054975487126e-01
4.119340249900972917e-01 4.938350687065384825e-01
1.231215009189073895e-01 8.566398373246303377e-01
3.064228759536448687e-01 4.405630044116755628e-01
7.044814100054611616e-01 8.963798241280415136e-01
5.822622958975981478e-01 6.800811449309482892e-01
1.131575327601772041e-01 5.357469951943566455e-01
2.360798820509373286e-01 6.763070384072396302e-02
2.196914320215431413e-02 5.155871328006855769e-02
9.644238656339986226e-01 8.126454421844445664e-01
1.588091283528550168e-01 7.040821663783676243e-01
2.489853953970640466e-01 3.960268210458556259e-01
7.997571673289544103e-01 6.375879169192995022e-01
1.860020954294033524e-01 6.049731843934245124e-01
8.043817475299831488e-01 9.890396414232708322e-01
5.081577892350584991e-01 6.092167563823986942e-01
6.091742582278409923e-01 9.536839425395865488e-01
6.474428424951533811e-01 4.117288207508419395e-01
5.155694702531034290e-02 8.743153806098169500e-02
4.160531015991170700e-01 2.890299477806094856e-03
3.806524922006412348e-01 3.351582196650259027e-01
2.225936594098582022e-01 9.188727846376819608e-01
4.881053997609652861e-01 7.541449022763617727e-01
1.167294061749375375e-02 5.809168808555998931e-01
2.182135901455065086e-01 3.791104537412422204e-02
9.026327446205216765e-01 1.133025747618465195e-01
9.185711192139526249e-01 3.170312146031441514e-01
2.114622550138527957e-01 8.269354823187258230e-01
3.741921467860296335e-01 8.138151986730002285e-01
9.443071900243960037e-01 4.849302302575499990e-01
6.930211162511534795e-01 6.332132075699927753e-01
5.964728626961248725e-01 1.169654640910946508e-01
5.745910357396152301e-01 5.811849397868715794e-01
3.092179185869822211e-01 5.390721289174481567e-01
9.618720125956358169e-01 8.535773733889984172e-01
6.513731615147672072e-01 2.520566566021560928e-01
6.309275658802574460e-01 6.367063510314132646e-01
4.726012616252298626e-01 4.131612900873374294e-02
9.798349859756482205e-01 6.793330472000641551e-01
1.554970449171896585e-01 6.503911991389792480e-01
4.657261467114720555e-02 9.568584465500060698e-01
8.892273985161927019e-01 3.703785501448131345e-01
4.918822942434585843e-01 8.948433496108435525e-01
3.984906274222309031e-01 5.514797155300217302e-01
7.427831792779142628e-01 8.396950735903024876e-01
9.810302184804331471e-03 5.076919227243011784e-02
8.464464099174410228e-01 8.231650837486025329e-01
3.070487919765720330e-01 7.977609525614288710e-01
4.569904026781543976e-02 4.613191903582001818e-01
8.873672817451785932e-03 9.965974550994998182e-01
3.947861019690702133e-01 6.559234776302551584e-01
8.083947759326726157e-01 1.873675551881409107e-01
2.276998020295524783e-01 8.072902408913805727e-01
2.928826381266745882e-01 7.128742700489757445e-01
9.243898696799710546e-01 9.315482668266902300e-01
4.391639121362626574e-01 5.228073349686671589e-01
6.684073297152366422e-01 9.665746590209384204e-01
8.904264969378345995e-01 1.048691343476246818e-01
1.818150848269465270e-01 9.225683561361915919e-01
5.393212647420945194e-01 7.333503971896623286e-01
6.259622612398751951e-01 1.083342264639620967e-01
6.481987035003479170e-01 4.812443010493751561e-01
6.412754782277399479e-02 3.552907907164208345e-01
5.533366193632041075e-01 9.359867056026726084e-01
1.448898963012046626e-01 8.678350992652117402e-01
7.877918202222621291e-01 3.883964330518401842e-01
1.001246346263889725e-01 9.810909606140489903e-01
8.975850409892798254e-01 9.868789946090757992e-01
8.311718723880050508e-01 1.180468751748494916e-01
9.237426877185231922e-01 4.031008820789109826e-01
5.606361710702132406e-01 6.012812303668317870e-01
2.070867263856160378e-01 2.810572889836805421e-01
3.757234589678160597e-01 8.101111616369915946e-02
2.478931732100292384e-01 2.597761026220293257e-01
9.458908253411560940e-01 2.418996067340985767e-01
8.261051821576460563e-01 2.704784728211578892e-01
9.146958399775948489e-01 5.091239870911465903e-01
5.110484420834376929e-01 8.105468309770836877e-01
2.745814343043283083e-03 6.989899897852326349e-01
5.230898484114743230e-01 1.403790662979790271e-01
3.872608506376277182e-01 3.336726315549918831e-01
5.646972300610900719e-01 3.872397493365190013e-01
1.720804482300452853e-01 1.650380091192648613e-01
8.659235733754393205e-02 2.851409977781000360e-01
5.901921782319764498e-01 7.779163850184125373e-01
5.142913137246176714e-01 7.227369317466931786e-01
2.580970665718828050e-01 8.427575547081588014e-02
4.901057410776195333e-02 6.484709837513705777e-01
4.967276277932444750e-01 4.501133920201610961e-01
8.522009704615137737e-01 1.277989895820946242e-01
9.159249273462785612e-02 9.747351581713953328e-01
8.194514456602516317e-01 6.628249266853113442e-01
8.627966616835259783e-01 1.976943887108588774e-02
2.468821023034156459e-01 5.246718294484309375e-01
1.841985309298811435e-01 1.988167292739441705e-01
9.277532602626968883e-01 6.709003608617467584e-01
7.621484520495663828e-02 7.001114174576491544e-01
3.559704955823913552e-01 8.226600085259917483e-01
7.858669218884285490e-01 4.737128251673230483e-01
7.846921379369770078e-02 5.454593497996269580e-01
5.665601516346105981e-01 8.550315585751224745e-01
2.174006713270481284e-01 2.793036360594214340e-01
3.201343668201362402e-01 4.495365437560740890e-02
4.507549771450850007e-01 9.850960009115073968e-01
9.067884561585104475e-01 1.682161567596742735e-01
8.515550744257821547e-01 5.494485514750042654e-01
6.873843040744616051e-01 3.273368078460214270e-01
2.535473551409792720e-02 6.532948407617880093e-01
6.680175706482706366e-02 4.289339261621172850e-01
5.996748885212762614e-01 2.272134242743363841e-01
4.803575156488751330e-01 3.623404380160231697e-01
3.767427530004603398e-01 8.119667911571623042e-01
2.771143244582308651e-01 1.660796244395004858e-03
6.458820252272011730e-01 1.694196656757507996e-02
9.211496488526143001e-01 1.569823994576603488e-01
3.019072669524098251e-01 3.684308692831406162e-01
1.419653083713205421e-01 8.464949041603500035e-01
7.092140999960714343e-01 3.922759199362707561e-02
7.157305075456127375e-01 2.083561496425402337e-01
9.890147626407312931e-01 3.295343834022692597e-01
9.954896244937763150e-01 8.197246379590359400e-01
6.815016062402686758e-01 6.755373347826143515e-01
2.206280079953056861e-01 7.058263046681718667e-01
6.898967718673024718e-01 6.251395631395338937e-01
4.683868611389465642e-01 1.136120408017510935e-02
8.116792936705833350e-01 8.540125154340534319e-01
9.962833660579982764e-01 3.193163653011438230e-01
7.766254409599593345e-02 4.854337653815586351e-01
6.842079096981126263e-01 1.198561578566934988e-01
7.138139682237816253e-01 8.403045690414454594e-01
9.086534400177428417e-01 7.503408024881109695e-01
5.031728828809208798e-01 2.631101160543480866e-01
3.618173228970430477e-01 6.688097360913651812e-01
8.884410906071996683e-01 2.163103873493976426e-01
2.415639815993356754e-01 4.547571351499883896e-01
3.693821283349852519e-02 7.283433231315655787e-02
4.150008018303335544e-01 6.945729093431411982e-01
6.862066049420706415e-01 2.468758353919534854e-01
6.050337806589910494e-01 4.314965925576502714e-01
9.201378540143033691e-01 1.849765016095488712e-01
4.287968378360538790e-01 1.696748823936690131e-01
2.869686000031589912e-01 6.591540376349522834e-01
9.927526883451055495e-01 1.888212748119150741e-01
4.315872460739692551e-01 5.735842067296004210e-01
2.556177715642484749e-01 8.420325375887318664e-01
7.014931609240802890e-02 4.206249131876131919e-01
9.988546251192780279e-01 9.106283922242714990e-01
5.402827367122766677e-01 8.011039614420714106e-01
9.408881592317209774e-01 4.983559155138372887e-01
2.100593411634291974e-01 5.688833814200652261e-01
8.942904677673106928e-01 9.769982994962076450e-01
3.539027769569176307e-01 3.190127633010197278e-02
5.221719916258810157e-01 5.649673995782421576e-01
7.138441538138300124e-02 5.825303827981032079e-01
6.654060501095122593e-01 4.267642572638951637e-01
9.610522445674504755e-02 6.620122316568151366e-02
1.898238549378025442e-01 3.076064777387385683e-03
5.722046269985786582e-01 6.972333044603211682e-01
6.508125217470659418e-01 2.904035340826783274e-01
8.174451485472261636e-02 4.006963456201485529e-01
4.031212581753958468e-01 7.259517095706328194e-01
6.039807442204407906e-01 4.750751250020073813e-01
8.415478949405652553e-01 7.838958036914910055e-02
4.480521866133044817e-01 6.717922776367855064e-01
3.525448105023996082e-01 2.143824003820208879e-01
5.851744549878269419e-01 6.934903375696654937e-01
1.498743355384842546e-01 6.647546794030981809e-01
7.278857457584108070e-01 5.968712797476236620e-01
5.435428952339884656e-01 6.909260437941210364e-01
2.529112959532971994e-01 9.129915358469786746e-01
3.462095223717108206e-01 2.878264920693447415e-01
7.845949585779578017e-01 2.738151070063148951e-01
9.663891517464054948e-01 4.720309089025989113e-01
3.496756745224314233e-01 4.298857673661789502e-01
9.787855921809861526e-01 9.191292971093378839e-01
4.652699722243356928e-01 2.932911985026202470e-02
8.348682586838325204e-01 8.166088532060268301e-01
3.672093705437072808e-01 1.145779663838960710e-01
2.919164316720044283e-01 1.606110832089944485e-01
8.793324115335642288e-01 7.232261561438099173e-01
8.048545559797519455e-02 9.971585584510068989e-02
1.751038460859221657e-01 9.273465041518199614e-01
6.781248538479567323e-01 5.068845473129739432e-01
1.063410359663287674e-01 2.693924211330978383e-02
1.975579384871653799e-01 4.786336021409081654e-01
1.705184589800582719e-03 3.038677762432373877e-02
9.367380602640008602e-01 2.091017460906456626e-01
7.541921131806748058e-01 5.142258081183205265e-01
7.437269130290315999e-01 5.920557801351317151e-01
6.821923755408546564e-01 8.699452747870165537e-01
5.164342110308526301e-01 2.020866883827140137e-01
2.902353546172511400e-01 3.180234656438896135e-01
4.494986504427019719e-02 7.881613543771952557e-01
7.118750661679664749e-01 7.601481292583125438e-01
2.802793277936752592e-01 4.654602769945574425e-01
6.642354818384915704e-01 5.913057163288977236e-01
3.348285757920198003e-01 6.920056830513908741e-01
3.168678612501271141e-01 6.053030628482213293e-01
9.324128752018846500e-01 5.895903969506436360e-01
7.305628366155099140e-01 1.533709133072841679e-01
2.896515055199068156e-01 1.232554678663634329e-01
9.918970485744262877e-01 4.237037987106972992e-01
6.951464518316083918e-01 5.568377299109349421e-01
5.317919446263739136e-01 6.352159969949439100e-02
4.641347120102500834e-01 8.576833608566128975e-01
5.158146764706225129e-01 1.667691070115293606e-01
3.457300265968092368e-01 4.534971772108185584e-01
3.424111395538504410e-01 9.775832629137009011e-01
9.858410852817940384e-01 8.835214187303471745e-01
7.844160351204530063e-04 5.617702020266074348e-01
8.023337407114250475e-01 2.193565285014383304e-01
9.873628318206941756e-01 9.570442606932612062e-01
7.590912841624972707e-01 9.173710582175272910e-01
8.296410780928354933e-01 7.847959531836457003e-01
5.880135256916635411e-01 5.030772867651520652e-01
1.019863526341044796e-01 6.783605787544616517e-01
8.595650364056971471e-01 1.268506437241132545e-01
2.677660788004165293e-01 2.450228198806262969e-01
3.272939351362597060e-01 1.079674272555280895e-01
6.040963334929833062e-02 4.165985240954092061e-01
7.582041695062028408e-01 8.814273469857336618e-01
6.671146743124160006e-01 3.989938606715891511e-01
1.085847443535986889e-01 7.933126758727486738e-01
7.630986495044963513e-01 4.637291665987881006e-01
7.171257253838243528e-01 6.825787058538157481e-01
7.295641241744370564e-01 3.034479319308907574e-01
3.580201157487248875e-01 8.598177816489797065e-01
6.221726967654490625e-01 7.380435168907523158e-02
7.793152152087902129e-01 9.736225810660305013e-01
8.440804902611601657e-01 3.245820643667457484e-01
8.815365704161787219e-01 4.587368340279285306e-01
6.046503350664065302e-01 4.477966183144660994e-01
2.229647803601815526e-02 2.826914509794899999e-01
5.933021765564677752e-01 1.826918620041821928e-01
2.458305479202601562e-01 7.531686633359034877e-01
2.780610012098194694e-01 7.583178525864706643e-01
1.484230626224443683e-01 6.910227894924486636e-01
1.679274491180820505e-01 9.522581658963615858e-01
9.093993955191302936e-01 4.439224354768578906e-01
7.918978588296194943e-01 3.781274111555359974e-01
1.199489302261744356e-01 3.023291921014608641e-01
2.375400130743051882e-02 4.687345338106040371e-01
3.176211606160157519e-01 6.169420999244397130e-01
7.676913324575055375e-01 2.361714066298886694e-01
4.089310115776906285e-01 6.225194130674172044e-01
5.445305147905561416e-01 5.785602487272094585e-01
2.298897841900759131e-01 8.770811866282913760e-01
8.531003152815864743e-01 9.637006774528913411e-01
3.571978795620636138e-01 1.853031144457176899e-02
5.346654957108604167e-01 3.772329186796557488e-01
4.667364865322626843e-01 4.444458622832049843e-01
7.364825805775850887e-01 8.053651068282825509e-01
6.181399329120146335e-01 2.688254021930157611e-01
8.913660988329836776e-01 3.325648131569636790e-01
3.234147108632431933e-01 3.490326243982230237e-01
2.385932556500027224e-01 2.249177328496206607e-01
7.940021072736848373e-02 3.749987020284595296e-01
1.454773797529203549e-01 1.923788907480524224e-01
1.281839763019674006e-01 3.910479462186629562e-01
6.407448897781899966e-01 5.666990944764475069e-01
6.357046618716170050e-01 1.329929830401790081e-01
7.058755931533273742e-01 6.167499557091128334e-03
5.515270836423207257e-01 1.317881938855906820e-01
6.152488872376584705e-01 6.103094950168439503e-01
1.995430535623144985e-01 8.851540116461251162e-02
6.538955062098072979e-01 2.607003712088724612e-01
6.279825620283919774e-01 9.153403410436372623e-01
6.718775185273081485e-01 1.307990702844030462e-01
6.008947659034186151e-01 7.980727043525062125e-01
4.255042884652467938e-01 1.500997102029031638e-01
4.058048800689249003e-01 5.640659796561665190e-02
7.625693909767887746e-01 5.576858698427087369e-01
2.955952134541380838e-01 9.142540585284454624e-02
4.389799512269720871e-01 2.261430373774556690e-01
9.150940365576928359e-01 3.299653942766651166e-02
8.424145115320624821e-01 7.523301032255250709e-01
9.438223971446114691e-01 1.773189556427065272e-01
3.892460196701935105e-01 7.263438665231686242e-01
7.316001427058862472e-01 5.268283786073379993e-01
4.898166804743578906e-01 4.459005789307076695e-01
9.370674916302377255e-01 5.946222083900288835e-01
8.986097744955020561e-01 8.441883932486633491e-01
3.934387120184325570e-01 4.590844110445717052e-01
6.019176297102066808e-01 3.549509601403759151e-01
7.442385021310041759e-01 9.093169112789241115e-01
1.969513200569593392e-01 2.055759659897964386e-01
8.394288765235061733e-01 4.875044713822394571e-01
6.138353990280901451e-01 7.654707089013835786e-01
4.334030795200232711e-01 7.795447249654962052e-01
8.705621990545033828e-01 7.868494929120892767e-01
5.588560411853999987e-01 6.954800535332735789e-01
6.130877905107151582e-02 5.714326165813085057e-01
3.724084604775574903e-01 4.216724195191253188e-01
6.365247160442187857e-01 2.235029896418852871e-02
4.261112657624039901e-01 3.496660433636659959e-02
1.696475688461226428e-01 7.063250743399972498e-01
5.376659676107320429e-01 9.423841714369851630e-01
9.637243070115369958e-01 2.887451005319065234e-02
8.871572230430692096e-01 6.357658319080812248e-01
2.617059578430945832e-01 9.985050160185252599e-01
9.308197053759466044e-01 9.470286051460112819e-01
4.985840920561725453e-01 5.015091521643332273e-01
9.567328022769961970e-01 4.281290741586438880e-02
3.855939678079535193e-01 5.420493425583314817e-01
9.382529998377506231e-02 4.649712427035110895e-01
5.292041656386503590e-02 1.411846118247165882e-01
6.555974368911913208e-01 2.069130365251481418e-01
2.069519418256036691e-01 7.642405118910644557e-01
7.462821139855108088e-01 8.332623108459390471e-01
8.246717449142573209e-01 9.722363024619227190e-01
6.265820833190677286e-01 9.935789385007579577e-01
3.832855493067566788e-01 9.258267672472496601e-01
6.734166439506080737e-01 5.980146027915210771e-01
3.473227859071902901e-01 9.075763790694512112e-01
5.595191592495420835e-02 8.091972523632347258e-02
5.333101717860285751e-01 1.738679711728228494e-01
4.675523632624699055e-01 7.952779757062418131e-01
1.881412429833423383e-01 2.189053620473539741e-01
4.416513566319318906e-01 1.286963197104387391e-01
4.950556363831211115e-01 5.930356802302977348e-01
1.549697391725196605e-01 9.288590014010957852e-01
6.577389380598047675e-01 9.146564238480114906e-01
1.703968285244484571e-01 2.963382634438604391e-01
9.050810965554839660e-01 8.149322628563412385e-01
7.479490279129670516e-02 3.641167670905203213e-01
5.871260431638781752e-01 1.150393123119739236e-01
3.155519443189926387e-01 7.202433309930461602e-01
8.844832347952130691e-01 5.316173440542151241e-01
9.385552785139422705e-01 1.551436320076053643e-01
8.644333874347582825e-01 9.400196034043944993e-01
6.310014379354035308e-01 2.977814688719176983e-01
2.948565978490497730e-01 9.303579570650781783e-01
4.519602962212235231e-01 7.618506174433125056e-01
9.886441939569368120e-01 7.282827587612528131e-01
1.316171678387610677e-01 9.017144543521618538e-02
7.552335388369779690e-01 1.817153512282219108e-01
6.946348792378931325e-01 8.979701947341097723e-01
9.579369602744648438e-01 2.382518311597712490e-01
7.924712487399233618e-01 9.446521291090980155e-01
1.809700480308051168e-02 6.068732505412303135e-01
2.266740697305067442e-01 7.995521453062096606e-01
1.342368247468776754e-01 2.933261206316499781e-01
1.744000680265386793e-02 4.893953633271172499e-01
6.563342749728707792e-01 1.171831364148583909e-01
2.126680971344492577e-01 7.635578095998633019e-01
9.946980981470979755e-01 3.762507791329471885e-01
7.265813279877455511e-01 6.697412706573319108e-01
6.755959469648998850e-01 4.015200572896716058e-01
6.243616383757475408e-01 3.562967325235903981e-01
2.881068549224137243e-01 1.362539112545155529e-01
1.038705833719692634e-01 4.677358747985250198e-01
3.316899810871014598e-01 1.830443795769094995e-01
2.632933560941104756e-01 2.357679446108842947e-01
4.863774828405552642e-01 4.698067867029254163e-01
3.120218817984899973e-01 3.955539164387827933e-01
1.174140614774848573e-01 2.391739340791341484e-01
9.839323533895749652e-01 3.713658581926067015e-01
7.207433903547338927e-01 7.762091025801133581e-02
1.201410249439889971e-01 9.089157423010323367e-01
1.384596487527947062e-01 9.215044919422025194e-01
4.592526567498282919e-01 1.582820311870143937e-01
5.527776761222670254e-01 9.992404687195376445e-01
6.809482463807868813e-01 1.743021769574900626e-01
6.175376362083967452e-01 6.300375514919001052e-01
3.163406756665854830e-02 9.947282401550426589e-03
6.747567204126020401e-02 2.132706936799394215e-01
1.097662072743616074e-01 1.391050219625145357e-01
7.888847317133299564e-01 4.569051377437429728e-01
4.090156384040288251e-01 4.889957291754897239e-01
6.382193386594916529e-01 6.076902125849898972e-01
6.428923299496216437e-01 7.451561445837671105e-01
6.984321280250015418e-01 3.992656860594350765e-01
5.658153928245016062e-02 5.871502590789582365e-01
1.358452755502884135e-01 7.082798633499234331e-01
7.528369628637850974e-01 8.820938755678761067e-01
6.377889889335107698e-01 8.294903813279028704e-01
5.002452165790464145e-01 1.963507960338035097e-01
7.248443166663626203e-01 7.270060420145846303e-01
8.508120686563790391e-01 8.927552541449040868e-01
8.939932219648135669e-01 4.107971598469428720e-01
8.833108875789794645e-01 4.350391677030007176e-01
7.183855877212648178e-01 8.498462851448758126e-01
7.977585276817671378e-01 8.765805674931017588e-01
2.642301926268335599e-01 3.091179591432596796e-01
7.508626380319959326e-01 4.864752955859106276e-01
5.455941803355863762e-01 7.183879404585704620e-01
8.862212511909941526e-01 2.736222294447566289e-02
7.708739421341210818e-01 5.234673861237306713e-01
1.639463822998895870e-01 9.698895292497449194e-01
6.073411337992002945e-01 3.860500315891239320e-01
3.482867688180343868e-01 3.157230175263475158e-01
6.216686846292376334e-01 8.250176666145276894e-01
6.967500037362422960e-01 1.526660682751289078e-01
7.125490999652354107e-01 8.802146473755443346e-01
7.238260823783858322e-02 2.561485891983429908e-01
4.304619818218481386e-01 4.387125179006387543e-02
6.339469328665248149e-01 8.600184240835396787e-01
6.211554472110922959e-02 3.726967781795700874e-01
6.987231472739095783e-02 4.381642910444853434e-01
8.997641753927645425e-01 1.932611094028347798e-01
5.241533122535095846e-01 5.285988903252464288e-01
8.763431051295734742e-01 9.799249849503863796e-01
1.330088640940361999e-01 9.338912020262346569e-01
7.745622536846314965e-01 2.518102340327064148e-01
7.821441608884562857e-01 5.755438564402892698e-01
2.655034875560129959e-01 4.242548236215775148e-01
1.242644454656019609e-01 7.877529125067013471e-03
9.256969202998160950e-01 3.696463369987538772e-01
9.844035614564462522e-01 9.066417157861628162e-01
8.902087905702206483e-02 2.839096792835729688e-01
4.194605195866893399e-01 1.463231438433272580e-01
2.990837466476906070e-01 3.128002586115841699e-01
1.118515005858716216e-01 2.336500387864123285e-01
5.351457176278744399e-01 6.189288931282103112e-01
3.818213487292543284e-01 7.509481148217528323e-02
7.036623573549476429e-01 3.103798018074653831e-01
8.162521193615032145e-01 2.547212587546130447e-01
6.120352541638788280e-01 5.197514043061006728e-01
7.539515244745131906e-01 9.708961773232535064e-01
5.575925653536332183e-01 3.455295177695377196e-01
6.146983225617076441e-01 5.830759279676421825e-01
5.984717151485643427e-01 7.169115557969329977e-01
8.744543303170030368e-01 8.651568253352793780e-01
6.740588262817719389e-01 1.485671333538240158e-01
4.076243931664004783e-01 5.412965896663397836e-02
5.546858515289648794e-01 7.062895965594741254e-02
9.466648867345044405e-01 9.493634308490910279e-01
3.240719295202734024e-02 2.761418342643709445e-01
3.501957257541743473e-02 5.412259663320999614e-01
5.041079580720146947e-01 2.347250840989045795e-01
8.716470770012715863e-02 1.757150317488614666e-01
4.526268286077118064e-01 2.590587880810154078e-02
2.352822116080463266e-01 4.428681323361651767e-01
3.953879991336582966e-01 5.991801432676130412e-01
6.774142546969905698e-01 5.383456647710302967e-01
1.523732516616761457e-01 3.750361456054658871e-01
2.784853078981632327e-02 6.383771568033720367e-01
7.320949001900672881e-02 4.182014273223274015e-01
3.046285433649754126e-01 7.751569441452165199e-01
3.662327896311300401e-01 3.600827400144769319e-01
6.796531739290093688e-01 2.659508351750269894e-01
4.120611873864776786e-02 5.855524258845696828e-01
9.673368352182117880e-01 7.492510092484808704e-01
2.059004961460058625e-01 5.957844534904037648e-01
6.635695829619864261e-01 5.053108051190267069e-01
3.186008966427273936e-01 2.578301839823987085e-01
3.882558575669159406e-01 5.511347135700393751e-02
6.520625907627536355e-01 2.714234598967271705e-01
4.045083553687905398e-01 3.435155346916174968e-01
7.734861229785088277e-01 7.489882840389796570e-01
9.176275150968106198e-01 9.482051611893425047e-01
1.836835381217994390e-01 2.007965453278849066e-01
7.814540199286986732e-01 9.039002782528215985e-01
2.796963171206190979e-01 3.813002885931989772e-01
2.483157055424686094e-02 3.303000658787777488e-01
1.368396277322767307e-01 8.204029029200171630e-01
8.800659274640332264e-01 6.639667334653296393e-01
1.578754742360760355e-01 3.408717421097005040e-01
3.691297408839148142e-01 6.517884229820078978e-01
9.523221781569239930e-01 1.448779000487424584e-01
7.023689560432767598e-01 5.695719906964975543e-01
9.013722563490714768e-01 7.891478449930762196e-01
7.405224520703775903e-01 8.787621116947442745e-01
1.120062811564301458e-01 9.057998604630473904e-01
3.715319294776039394e-01 5.294869762033439509e-01
1.795732560817163703e-01 9.111903583659431982e-01
9.628640765298500659e-01 7.447580470148625897e-01
7.554443555839519819e-02 8.037879211074892005e-01
8.784714138534801542e-01 4.134103985789839286e-01
9.753532024242366205e-01 7.434109448203567450e-01
5.796832844757825454e-01 4.308611057171291003e-01
2.312839300503374829e-01 7.832682340174013103e-01
8.301969388906575709e-02 1.544056426691414186e-01
4.832775893835539183e-01 4.483309170199205052e-01
4.052977809550243823e-03 7.877015543645325968e-01
8.481961486365249270e-01 3.200751890032716984e-01
9.822506852835479751e-01 5.797692812756003455e-01
6.594472089444626262e-01 7.140892124036615218e-01
1.905012399519383504e-01 6.297503675977200732e-01
5.846031232840970260e-01 7.079798236904697450e-01
5.501754382348257311e-01 9.515544402475203389e-01
4.409351732483028918e-01 4.055976671168335934e-01
2.694814520970679750e-01 4.514614563447382767e-01
1.653459695533213147e-01 8.620655397072453374e-02
4.067302948499036952e-01 7.735754303383338693e-01
3.798235746326262818e-01 5.237261238316602563e-02
6.115719735461305762e-01 3.147379759763160867e-01
9.161689847314596902e-01 8.752458464820307427e-01
5.560722163130137341e-01 1.643225051262896252e-01
5.774719410770148276e-01 6.576705100433541951e-01
4.857969035292493132e-01 2.499483147951431783e-01
6.622219262929183170e-01 2.110370866850627136e-01
6.836584860840414501e-01 7.425536834724849600e-01
1.042438734005814334e-02 9.419843381800517834e-01
6.708794212612231300e-01 2.990498589284690811e-01
5.134286803094373353e-01 8.189943892343798382e-01
8.699135258762272782e-01 4.917891900646672032e-01
2.332059072517466691e-01 5.554120010090028980e-01
1.665017171926446229e-02 3.002180131101699900e-01
8.925006389457512679e-01 7.310883503154207430e-01
6.605341738055031664e-01 5.586080046363235407e-01
8.431381963506979771e-01 1.348184442369541325e-01
5.259281297110106612e-01 8.720030615819809316e-01
3.401089891552139810e-01 6.460518764067397779e-01
7.896067323888871226e-01 4.411335544634576444e-01
2.758259248063240077e-01 9.556538291166073451e-01
9.314733706223990994e-01 1.868588692263775108e-01
1.326748884836714826e-01 9.907067918279851559e-01
3.439514028417031133e-01 3.848385993298187868e-01
8.143782265676047238e-01 2.044913731841329074e-01
1.526772381262332147e-02 9.322494396600098376e-01
7.561364916443492623e-01 5.173886593961973812e-01
7.385207027242036704e-01 7.359473114246694037e-01
5.709150373115702282e-01 8.913929731638181586e-02
6.290680730153087596e-01 6.316771112823702516e-01
2.621708211227746221e-01 2.628060572225122127e-01
4.130817226966455591e-01 8.306128721967223072e-01
7.481381821182071512e-01 7.214006742008282069e-01
1.101667802381511019e-01 9.164946062463411591e-01
4.747559737365838473e-01 6.771300738377974415e-01
8.228887848749648626e-01 7.102295619556535655e-01
7.359871104193682623e-01 2.860671203004737650e-01
5.551069295747836918e-01 9.012530675122066848e-01
5.927830752577452345e-02 7.941208898814543504e-01
8.093648813746322501e-01 2.474649816591648760e-02
2.743258880452494330e-01 1.782601071579758834e-01
6.442873840770249050e-01 7.700678655690695873e-01
7.191053971217894469e-01 8.988026560737381043e-01
8.554428317815642169e-01 9.363451431222130639e-01
2.602353190034688013e-01 9.389988676480932606e-01
9.498693172242452798e-01 9.954756056919316087e-01
1.220558149309293183e-01 6.248494426458581774e-01
7.015928433653106921e-01 2.614782761310289749e-01
3.642969251906756356e-01 6.281784745041523177e-01
4.107878338372501492e-01 4.347930527281669288e-01
2.722076845410627555e-01 8.083506713976378322e-01
2.135298375258756765e-01 7.306058490634456115e-01
1.144213596758883733e-01 2.892106786626867376e-01
3.443634464575308085e-01 5.434651866300299616e-01
3.362962206835728440e-01 4.523025432646656241e-01
2.341051502397008821e-01 8.416746598595246098e-01
4.345693919904635716e-01 7.344409905639220915e-01
2.196834219191251547e-01 4.463982185820530857e-01
1.277376659003064130e-01 7.763443399979234050e-01
5.495263536347558819e-01 4.225166101850784117e-01
9.058318183831350068e-02 7.599919755587665193e-01
1.469981995627190896e-01 3.737893483407764283e-01
3.087599090279410929e-01 3.078523401832895523e-01
4.846837391343243318e-01 4.040630691724503842e-01
3.033724435071835646e-01 5.765702658098809108e-01
4.239309153920808870e-01 2.439059671292278797e-01
5.196494673715856827e-01 8.718812425222342011e-01
8.361525262532272240e-01 7.448178634603493109e-02
5.028190011239376256e-01 4.786930025658932969e-02
7.712241750613986202e-01 2.884868598461189371e-01
4.813762149377421862e-01 4.275209783214772297e-01
7.906599246075616261e-01 4.375178227513646934e-01
2.827975733388875534e-01 1.387794913448961442e-01
4.211790375757802907e-01 6.175979939060527446e-01
2.843830227076800110e-01 4.745712893451051184e-01
1.611608367897919281e-01 6.523781177202528925e-01
9.338857605391189809e-01 1.674708722814371720e-01
3.350336558632963646e-01 6.968548772730834839e-01
8.958803649764410792e-01 9.975978075178920657e-01
5.789071320503227369e-01 4.194780943607182011e-01
4.775735504501338879e-01 2.239744263686023751e-01
4.435887807707516450e-01 8.368634479160774742e-01
8.734385652130192135e-01 2.741251491562566311e-01
8.658937624377843756e-01 4.718831143540491713e-01
7.474756845054632004e-01 4.554015908587251138e-01
7.225496428543487504e-01 5.861373368348195001e-01
1.046419661670009021e-01 6.125388101780665506e-01
4.754463862998892787e-01 1.033975106669255822e-01
2.705405552436231376e-01 7.913979907411933246e-01
8.132640800681938398e-01 6.188005374397386599e-02
3.146033448034825653e-01 4.094965160826267159e-01
1.376810338508620557e-01 3.382257529556326886e-02
1.409092806847745127e-01 8.090875029312704081e-01
1.785073197770293829e-01 9.236145954814737324e-01
4.225304817341860031e-01 2.124752457830453856e-01
5.928964921138240030e-01 2.724979230792316520e-01
4.714478659421428297e-01 1.103740259038714366e-01
4.208440566142320205e-01 8.376312450254222997e-01
8.234412221672799959e-01 6.190496959636546670e-01
6.524878705768824561e-02 3.834227226337905692e-01
2.040585569909598440e-01 3.579499497402461872e-01
5.597806994687756221e-01 3.281768200125395607e-01
6.927254829964875071e-01 2.405755040258683586e-01
9.587625941348564274e-01 7.745373924547342970e-01
9.039589356848122259e-01 6.083316449736164699e-01
8.608699476469355849e-01 6.898429926663175449e-01
7.325415862881113904e-01 1.051939063031602645e-01
6.087674860845082581e-01 6.224405737751888268e-02
4.453159713646194229e-01 6.870081214622894006e-01
1.643547700105289500e-01 5.138389934873850429e-01
7.640394129305717597e-01 5.471804859423012868e-01
9.653848389204184866e-01 8.685101560915126084e-01
5.688350483179642758e-01 9.620302133430398417e-01
4.277869257037452688e-01 6.612954535527686417e-01
9.592090505369711417e-01 9.681426236960098963e-01
6.027845921186681943e-01 6.239951915125205861e-01
5.071060357939597418e-01 9.541506373415289954e-02
9.549966516560564056e-01 6.726557415873148926e-01
9.425881196095132752e-01 6.743065127323534247e-01
4.793215483184422587e-01 6.813193761889481115e-01
9.931485007395042253e-01 8.217063266941837529e-01
8.660092890941344379e-01 8.956295747387071904e-01
4.014919949602862026e-01 6.200373879534176735e-01
8.470434716517205587e-01 1.554493357441238781e-02
7.966076274104105792e-01 2.555058502400601173e-01
7.373877255300579359e-01 9.625853158116817743e-02
3.043117817823371568e-02 3.949956989334987290e-01
5.473330442162654963e-01 9.459042806786840396e-01
6.468819713241996672e-01 3.592615326573498358e-01
3.912178088377779583e-02 3.363578604254872095e-01
4.496457178203949190e-01 8.472219959233516784e-01
6.610678719344508236e-01 2.304135212877798378e-01
4.703686470899440808e-01 8.916119289590173080e-01
2.449009416166702258e-01 3.410613115073482526e-01
7.653236684330357864e-01 3.348961592170928148e-01
4.583540739778867446e-01 6.434892397307889755e-01
1.568450061213991220e-01 9.874334590958551150e-01
7.947476571748135488e-01 6.443596124767935196e-01
1.505646086232522718e-01 9.399869271405048021e-01
5.387371565709334759e-02 6.008558871976933391e-01
4.396380847805517883e-02 7.366089161043800626e-01
1.768933364274214992e-01 5.622750226519043215e-01
6.667182390942612003e-01 9.444556984908462904e-02
2.212397173460001476e-01 4.142611111447015992e-01
8.213514844337345133e-01 8.906587118788430457e-01
3.905780574482879408e-01 9.598289999447400245e-01
5.203315033947790713e-01 6.837035070232609923e-01
4.751655142957188216e-02 8.994761702563649486e-01
1.436296455672754491e-01 8.060050477394284929e-01
5.763028217483791016e-01 3.528331893238492722e-01
7.766691349840429970e-01 8.669409024415155596e-01
3.026604551730592285e-01 3.975640303405002518e-01
5.172119379778390424e-01 9.371157008080660544e-01
7.073683366679697215e-01 2.914588109728833976e-01
9.695911935272431004e-01 5.677582254987466603e-01
8.846530754831567755e-02 8.435973987585895228e-01
8.455624115538110663e-01 3.512743704820978086e-01
6.281211580008635442e-01 9.915840598812281081e-01
6.192982914281343065e-01 8.048271524061173868e-03
1.260214011654206545e-01 2.669194187334691937e-01
8.300550165910099976e-01 3.045237519493895761e-01
6.858931450202722380e-02 9.265635756410536272e-01
4.180880352374254372e-01 4.929687432973917094e-01
9.778486988812881142e-01 9.544805342937305870e-01
1.074055336171593350e-01 1.249460504670580480e-01
5.913580666407711739e-01 5.341606574067420121e-01
5.778242702925946023e-02 5.973980819127749919e-01
3.501533015680410865e-01 9.230236089348252404e-02
2.578713765320715945e-01 3.118837165607414308e-01
7.450680899246375777e-01 1.292935452554344056e-01
7.688748175944118968e-01 8.792082040028377232e-01
9.506289974845067992e-01 4.041639908623330391e-02
7.281890889287716551e-01 8.350887392312197344e-01
8.678403680468302905e-01 6.662258098499704850e-01
3.334416650790763409e-02 1.894232411125607585e-01
4.615068635033841016e-01 5.487959419132900640e-01
9.223503191335872264e-01 6.408311287188677152e-01
2.543686591639220396e-01 8.320394539323067162e-01
2.146790287852506918e-01 9.616802046870579490e-01
3.416595244911133644e-01 1.729306506673147226e-01
3.139053197326986400e-01 7.389471159334257688e-01
2.004308580298040932e-01 1.459921690268789762e-01
6.394831537058622839e-01 4.072994903395083521e-01
7.102096012969284500e-01 5.532574925865327842e-01
9.767694404613129489e-02 8.286485396904470502e-01
3.630375495964635602e-01 3.503935773162890066e-01
3.105719608354772232e-01 2.079765239020573975e-01
5.486815532471592816e-01 6.424192091991850484e-01
1.515420623180604998e-01 5.541245230559891377e-01
4.297776744015234796e-01 5.405323378631762266e-01
2.973188643646617058e-01 4.836844094673561356e-01
2.718076651374956021e-01 1.595832272594167600e-01
4.633427542873327365e-01 5.993459510727038725e-02
7.662800171197750032e-01 7.853387344137848780e-01
9.595603329174884344e-02 5.257882594272020871e-01
3.257297384892305359e-01 1.759147492391411813e-02
6.161397721840250474e-01 2.641812697928697662e-01
6.763694681961639477e-01 9.883068465168864947e-01
1.152580614205774151e-01 2.218292272990280978e-01
7.336321831881742472e-01 6.277358161750922205e-01
9.817508378382325818e-01 7.980946797171614704e-02
7.515139979609674059e-01 2.801687915899596093e-01
4.620397639508412868e-01 1.947340721303497113e-01
7.865813826289126398e-01 9.507997055688469645e-01
4.362542189422345951e-01 7.016729388118955191e-01
5.413184774370115582e-01 9.924040936182693118e-01
5.290194503888877575e-01 2.299864266802690571e-01
8.409997322673307130e-01 3.371966054755618503e-01
1.774703877787408846e-01 2.312694151759781269e-01
5.656299515788228982e-01 7.562436748208288817e-01
7.392070169453801576e-01 9.759379264535676946e-01
4.246085351580708989e-01 4.124218615388839382e-01
3.892745478712252710e-02 1.379190188568814590e-01
6.888557221290128041e-01 4.399413289806106686e-01
6.992707349315477883e-01 6.459102977830004644e-01
5.670957806077723262e-01 1.297600872624833646e-02
8.259511566557082851e-01 5.726882451186894318e-01
9.299197585661034271e-01 1.427824476274925647e-01
5.839706604931124145e-01 8.177931993489141460e-01
7.932989461475952186e-01 9.042203634561102321e-01
2.435932318172882027e-01 2.105933006231160420e-01
9.281702613634202903e-01 3.447661103777803215e-01
2.231746637581113746e-01 8.027885630380733328e-01
9.519156162133243226e-01 4.764556100444086728e-01
7.952890662858461690e-01 5.776526116945021050e-01
4.553572855961725563e-01 6.134115094140153435e-01
1.255917325959098885e-01 2.325804061551074720e-02
1.856423889827734652e-01 7.557157185847588332e-01
3.291353065893606322e-01 5.371875210725910454e-01
8.577044557895958654e-01 8.749935675141489178e-01
9.104134484521170245e-01 1.332533852859039414e-01
1.052990254194279690e-01 1.226756304263092040e-01
2.962034339806949301e-01 2.030730496333036372e-01
5.273638518157116595e-01 6.113888671264375851e-01
3.398574688700797264e-01 5.185449285312472290e-01
6.695634411723516699e-01 8.859192717556740870e-01
2.012410350375131995e-01 9.706266545208808161e-02
8.967567460256123946e-01 8.840238244110530941e-01
5.710555299060756651e-01 3.881559861643296694e-02
4.940341559212588773e-01 5.743316404900220551e-01
9.137216002958368222e-01 7.719050320975247015e-01
7.257054788412983237e-01 8.513862941091279724e-02
4.023867860900012250e-01 9.859692210231711662e-02
5.280808645966790227e-01 4.024276290848187165e-01
1.941328226985866018e-02 4.067891418968186956e-01
8.728364750158393859e-01 7.371604067699385476e-01
9.008647912470224561e-01 8.043816891132151703e-01
3.657535396302604713e-01 6.023200396867095519e-01
3.603841388279653835e-01 3.533280162381219336e-02
5.361157889960617151e-01 1.210837796917671461e-01
9.489923688917247802e-01 1.633306180595907042e-01
2.098826438913505565e-01 6.855556789044898736e-01
2.004002693802917762e-02 8.277721315195857299e-01
9.686684989829721371e-01 4.969845480639074609e-01
5.300306270136381226e-01 6.875009993279210252e-02
8.154560487901371113e-01 6.842757894419411180e-01
3.971018194833524917e-01 6.470453417431496490e-01
9.118047254750067943e-01 4.956456756868197200e-01
9.734437821065810015e-01 4.879909905901122502e-02
7.831406514664804863e-01 6.966815898103466409e-02
3.262337469791115052e-01 2.150599560998625870e-01
6.379848255469794394e-02 5.889135736929980158e-01
3.686732268352007624e-01 8.878068454793637265e-01
4.786459697873478025e-01 2.986215883860196540e-01
5.050267095181379950e-01 2.861704420125964795e-04
6.914941668840793865e-01 3.533601856000874730e-01
4.147291096259188570e-01 9.028524987286759007e-01
4.768283113197894774e-01 3.262407065123360539e-01
2.985138839755490103e-01 5.657261851068853264e-01
3.561846071253343959e-01 1.999491341428758229e-01
6.104214230182858358e-01 1.026616249167219656e-02
2.842911863059982211e-02 9.433070389469973005e-01
9.805710985426775439e-01 1.495797078232042332e-01
3.113311709349734224e-01 2.049792136070046830e-02
3.549987347649246616e-01 5.463903921746553483e-01
6.903169831744595530e-01 4.796475655624359846e-01
2.397586957722923628e-01 6.495604199021941527e-01
9.905719708007127977e-01 6.345374917467672127e-01
5.959395876533687408e-01 9.580987209312233910e-01
3.862462751858018462e-01 6.604819629345269894e-01
4.811028233264735138e-02 3.064793288821193729e-01
3.789501960244179846e-01 7.920884727573090922e-01
8.825560842453055166e-01 7.729986926895856536e-01
8.324451492027231669e-01 8.262241756065459575e-02
2.942507993446833933e-02 3.057432843056555605e-01
5.043572242108776416e-02 8.886182530642109390e-01
6.325397203603022600e-01 8.525366643839921155e-01
5.218482641351345208e-01 4.608504104323626338e-01
9.558497684317431853e-01 5.163749614783418318e-01
8.075502923339639150e-01 1.572895666588142727e-01
7.752042311425114685e-01 9.943181559028136940e-01
5.386161610358738416e-01 2.948419094058878920e-01
7.871769382333302853e-03 7.026174917709513412e-01
4.468852524570512408e-01 7.294395501424267847e-01
8.560383149118012680e-01 3.219221022478560013e-01
4.563838315987784333e-01 8.503970055284439944e-01
8.687577428287253101e-01 7.117906848855831692e-01
8.585058325503897025e-01 8.517986658288994040e-01
1.717249156821396838e-01 1.703507139900371781e-01
4.179707476477156902e-01 9.801047569938015069e-01
1.737865350476491544e-01 8.736137746093495249e-01
4.695796725612421119e-01 3.082483411810939544e-01
2.684436919624482720e-01 9.827218908157924204e-01
3.914513863418765394e-01 5.213922207618333360e-01
8.189417470124791265e-01 1.201963592602809938e-01
2.539413778947594014e-01 4.690488651645452478e-02
7.418677674164381175e-01 2.788885504040061747e-01
7.609342554237917833e-01 5.842234618264818824e-01
2.764881717995627541e-01 2.954227417789917487e-01
9.896350730599533241e-02 3.852139953089575020e-01
1.027903259042789869e-01 3.312996678108624526e-01
5.896414479912588380e-01 6.654921559134351350e-01
4.736930746584694929e-01 8.866751742596712393e-01
7.807652054983159617e-01 7.623755862795293936e-01
8.285192476278444018e-02 3.428522643087184574e-01
1.688656765502778156e-01 1.462710102680118800e-02
5.064901436013898861e-01 1.014870783176615027e-01
7.775104748531491694e-01 2.530706154524142715e-01
1.947896342024025285e-01 4.335584870357073184e-01
2.152071495570315740e-01 1.430652059264778675e-01
7.232789025447141640e-01 9.465060943074687927e-01
4.877329440123072679e-01 7.665485495136289407e-01
2.737786015600178757e-01 7.411238124708205977e-01
7.785912281343739805e-01 3.676064747873924454e-01
4.242912793357189738e-02 5.276582970907464087e-01
2.328861125115298247e-01 4.821890698958031796e-01
8.176414456643174011e-01 2.479899422314686408e-01
1.283097942192729275e-02 8.240862940112018142e-01
8.542035103578193844e-01 7.808848902773081191e-01
2.409233739104633121e-01 5.127360117426137398e-01
3.304247490136058563e-01 1.117572839262482298e-01
5.126729468409714219e-01 9.292624710272441302e-01
3.776574268898177378e-01 3.631532474296434443e-01
9.976753250416781071e-01 3.228646706238185726e-01
1.295610145216276876e-01 1.511828596783593714e-01
2.513225264961500005e-01 9.784832533571704571e-01
2.308105227112347557e-01 6.997827150663984419e-01
8.499708946794641840e-01 1.097793566157932166e-01
7.080906995541046411e-01 7.638741935910539627e-02
6.343402173454276705e-01 3.014329236899519482e-01
5.627921296954296881e-01 6.035870643681231495e-01
6.413057494076590537e-01 6.887145525851484651e-01
2.165146373867633534e-01 3.614178623985355165e-01
3.488413956038846717e-03 1.767162290409930447e-01
1.603829935579832444e-01 6.582206512668818954e-01
9.196932740759981018e-01 1.063887544288740494e-01
4.326124052051598667e-01 5.332328594750332940e-01
9.268114323654056408e-01 5.639648248302131517e-01
1.930677180999216813e-01 5.309599621764782285e-01
5.417049915311426822e-02 5.444034612629449210e-01
2.032146556515660729e-01 5.526673243798243540e-01
2.568714678633694515e-01 1.718746318861426314e-01
3.490879166479519263e-02 5.073876938814271265e-01
8.060253814397334571e-01 3.698680166509305672e-02
2.373724016372239787e-01 1.619052372575749965e-01
7.721027955138092258e-01 2.696639928929929209e-01
4.377182071177450617e-01 1.476109630940833639e-01
8.201479041611067222e-01 8.706331944666378941e-01
3.210897295745250291e-01 6.150256645255391952e-01
1.872447784639545143e-01 2.200117143672427888e-01
4.544486853975893137e-01 2.255494938441416630e-01
9.991101201717815794e-01 5.367089111209626395e-01
1.536204596566193015e-01 4.499757247388028181e-01
4.908367533356880474e-01 9.712107720335934058e-01
9.391535777896202752e-01 2.481010799406679068e-01
1.665960281529955678e-01 5.326551434337319924e-01
8.276873333124871168e-01 2.370831510622759264e-01
6.069471295069240879e-01 6.098482642154116201e-02
4.479968298253665937e-01 4.661185499382317077e-01
8.057806853270469416e-01 3.237982842633425062e-01
6.857570750206103405e-01 5.703466758821950089e-01
7.009737679906553609e-01 3.165530981242089537e-01
4.448928628997644852e-01 4.367050502237466714e-01
1.372426486593284617e-02 4.706771763592059732e-01
4.605275975676753619e-01 2.225095944393168934e-01
9.478514334093708360e-01 6.393592733759555502e-01
9.120621425121210324e-01 2.322645541634536792e-01
3.249258750431590625e-01 3.823573478406406823e-01
7.694569042973754547e-01 5.000990374736915545e-01
3.326268256080562313e-01 3.250979508283359243e-01
1.300649066161373990e-01 3.581444934762756382e-01
2.850408077231149084e-01 4.943211259640227784e-01
8.124145728797523835e-01 4.771608779240597009e-01
5.730433526353599927e-01 3.389493301625139399e-01
9.953485582035859203e-02 6.589492919712194863e-02
2.815512825311621281e-01 1.951343596072045716e-01
2.247790967841377108e-01 5.504210188984685059e-01
6.201476991567421715e-01 3.655050935977119386e-01
4.970346528339518177e-01 4.835213395481515256e-03
1.182180791475129361e-01 4.179965816447751559e-01
5.328132888785365173e-01 8.619954704374878096e-01
2.287324951117497840e-01 5.709015902037691687e-02
6.585387429856769392e-01 9.008889668863969691e-01
6.497030358868063349e-01 4.999678254981965719e-01
5.187470940696439214e-01 3.902958809925633488e-01
9.702050622879498931e-01 7.399832472221448132e-01
6.549737956368220093e-01 6.737661166535097168e-01
2.598085491285609949e-01 9.674622204329236252e-01
1.398254921478183088e-01 7.158900477645868676e-02
5.948372538676657273e-01 7.091713473089907849e-01
7.574893689171295907e-01 6.212113478016733081e-01
3.381435264109552419e-01 8.359155715901628314e-02
8.486762809034591182e-02 8.450266101393323348e-01
4.120439242939166191e-01 7.571547119672676907e-01
4.026868206225246022e-02 1.975344408682992992e-01
1.620078249421750827e-01 7.039971798573562145e-01
5.091778379488782758e-01 3.473508570290640973e-01
8.594044619409965668e-02 3.464791297101372791e-01
4.930611133255121681e-01 2.289395164100747337e-01
7.340718611525876014e-01 1.127724125270614802e-01
3.928399553082672080e-01 2.584063366578780441e-01
4.350902636130530854e-01 1.790346950927406700e-01
3.377935585254107642e-01 5.201114260562015312e-01
1.421088234261362049e-01 2.446735078376587880e-01
1.475551596552756584e-01 6.562838103803163570e-01
6.973649981578176060e-01 6.417953830831335527e-01
6.140693786878035840e-03 2.675716649889430809e-01
5.659519519038190907e-03 4.156054985143808334e-01
3.005916393440959955e-01 8.387557191731035422e-01
4.922555309663134704e-01 1.254860042819786747e-01
2.259906937825537088e-01 8.318856668917238295e-01
4.578635397379130501e-01 2.013148192264599401e-01
1.954961792436674950e-01 6.442055456296895410e-02
3.334388316909607242e-01 1.857556644789183642e-01
5.690044490427940138e-01 3.891676076259417139e-01
7.218848978771450486e-01 5.042627205882131980e-01
8.636640882879021985e-01 7.242274515091736697e-01
5.755942608647823810e-01 6.144788483653611522e-01
5.426512207439870838e-01 7.321738363331302679e-01
2.877977864760594695e-01 9.204061595706019006e-01
8.380065078588380123e-01 4.901245496128474322e-02
3.846760784526791488e-01 4.257111073118809985e-01
3.281258363541447176e-01 7.810190075817796673e-01
5.614246857926604717e-01 9.241482160707884530e-01
1.418937879864729835e-02 7.687451081285144872e-01
9.531258308456542760e-01 5.609239874846554397e-01
4.000670091912336690e-01 9.603990460415876562e-01
8.034488317044242711e-01 8.895245096462385259e-01
1.746575258103579276e-01 7.405838480264853585e-01
3.222761961805751252e-01 3.934294606642143588e-01
9.869368806511511494e-01 2.185456511882404029e-02
7.163815384271010611e-01 1.002354444143652712e-01
7.498850030619600426e-01 3.791209870495910184e-01
5.260997117950948487e-01 3.925683513047783513e-01
4.532463181297676780e-01 7.822835966675193431e-01
2.089000903807949894e-01 9.353580293653394884e-02
9.409146890647165917e-02 7.179174102537506652e-01
5.100004382827283411e-01 5.100336018349826972e-01
8.717866234884631416e-01 1.909371033568029175e-01
8.282528247428652124e-01 7.516271444789712763e-01
5.469648827266262447e-01 8.633481037485875031e-01
6.722546699872677944e-01 1.806598806252471268e-01
3.706126810062582155e-01 5.590156653601138226e-01
8.374976743325127648e-01 8.156499117002077304e-01
3.597688934392900828e-01 7.156740829721437436e-01
7.613727734180576467e-01 6.546098835362887947e-01
2.601256855280272007e-02 4.970535626264912521e-01
9.346397034588079800e-01 8.586874568174881484e-01
9.075614370663470654e-01 8.649846188894991794e-01
7.067893483026970181e-01 3.807170658150900167e-01
5.803261899872609320e-01 3.486917597076804043e-01
1.808993994274452899e-01 5.825021326948389561e-02
9.224539606544829295e-02 3.130669450263288689e-01
4.423831273901983607e-01 1.026530267557830556e-01
9.600911072572714255e-01 2.756962915870105335e-01
1.823133954634869602e-01 7.784407692080990149e-01
3.734200341129820244e-01 8.488555449793435681e-01
7.144723902595171428e-01 5.908606502666033933e-01
5.812835460369655260e-01 2.508546949515399471e-01
3.190478482418617756e-01 3.399163341782527881e-01
1.217385092057512164e-01 3.665516292217919636e-01
7.980660600112008396e-01 6.672117541108455452e-01
3.996159834477258643e-01 2.927659371822486922e-01
5.016921373392438932e-01 7.674221401410882271e-01
3.829342143400855658e-01 5.020578868762565206e-01
1.929771960852056378e-01 5.399536852816198829e-02
8.338982026536619907e-01 7.198129909680419658e-01
4.825170829836831210e-01 6.865149459338993898e-01
9.728982942944698342e-01 4.622744344085022994e-01
8.758971165886635379e-01 7.130710653101728358e-01
2.501125712566910075e-01 6.765276816042757879e-01
2.938060314398234785e-01 6.323296237215021431e-01
9.355522185417739500e-01 5.085701490009115755e-01
8.772365862273528991e-01 4.909742029452134893e-01
9.713943764999575237e-01 9.835740552707676887e-01
3.513808130408956898e-01 4.803170906431929454e-01
8.002875193535461396e-01 8.342484488277537302e-01
1.164216814516255277e-01 5.154730051277669478e-01
2.025669982872094765e-01 7.963243532032473482e-01
8.611525832724317153e-01 1.353644696811859838e-01
8.850328205599213849e-01 1.625019932481415186e-01
8.108400331448138987e-01 1.301074325802352612e-02
6.236695236318861024e-01 8.004246201609224176e-01
2.663049983253378272e-01 7.465080492431824810e-01
6.430410757031547186e-01 4.328837184860638843e-01
9.411402664685779573e-01 7.909141549037052021e-01
3.629904762916802974e-01 8.623025911159349910e-01
8.352663561962160310e-01 4.532302590693616101e-02
2.499110454995132624e-01 7.475004706153000056e-01
1.986012101428914212e-01 9.648764522641037900e-01
9.042345775984502732e-01 7.694660780139817025e-01
3.799449913093728287e-02 4.570899708422517804e-01
4.990864551235305036e-01 9.650385345251484281e-01
2.834551237023431591e-01 2.175192401331761671e-01
5.864942976655621587e-01 5.345971448477275859e-03
5.848704732868282435e-02 4.088343839956730674e-01
8.011028561886029964e-01 9.842170235136222800e-01
