2.514616951717775883e+00
2.753996850213082936e+00
2.951818400178306767e+00
3.436283293628680013e+00
5.551790010622786653e+00
9.060308464509990500e+00
5.760376372247709931e+00
2.297507018555981606e+00
2.221659108417581407e+00
1.539943077636988233e+00
2.587528446004231597e+00
2.751925464442491975e+00
3.265463261855669153e+00
4.665208838956753645e+00
7.676822955441322982e+00
7.155446262168728921e+00
4.550795330554048057e+00
2.444816949875325385e+00
1.617053659948586297e+00
1.541946743865273417e+00
3.028847004218987671e+00
3.208011554352795613e+00
3.623397797052391400e+00
4.003780692532263430e+00
6.062130199055686397e+00
5.081412865976576043e+00
3.969912816375639864e+00
2.109103286500537244e+00
1.508504937909596277e+00
1.290387247172498641e+00
3.341426151195564742e+00
4.389035176550898143e+00
5.676459699549739391e+00
5.324426250235481994e+00
6.583426522458114327e+00
4.601943209070854302e+00
3.088232181118684139e+00
1.959891306343900741e+00
1.704227311030268810e+00
1.267190061212717378e+00
5.512875398379967429e+00
6.725532187913688453e+00
8.627011582939315915e+00
7.842018158079158141e+00
4.901559448296663568e+00
2.650258329329115092e+00
2.690243481458965302e+00
1.551229276742397412e+00
1.328934206112198035e+00
1.056938577293943027e+00
9.962555832675633383e+00
8.015357642210926059e+00
4.665468107944144016e+00
4.215677696706184641e+00
3.089816723573787893e+00
2.453604338879506130e+00
2.284442348617780727e+00
1.677686569904420333e+00
1.179284271877919510e+00
9.988000028194884417e-01
3.787744288807843418e+00
3.254566732482675473e+00
4.120262572551554925e+00
2.428369170121853049e+00
2.818665173164649929e+00
1.856115290657252004e+00
1.540091790014708639e+00
1.444713721309019760e+00
1.192323505488597446e+00
7.973633481677665502e-01
2.696413438608838753e+00
2.156240870120476938e+00
2.758305480182790870e+00
2.343972346707620780e+00
1.770301873260637704e+00
1.428491684441198784e+00
1.251793689745753335e+00
1.003446687636241563e+00
9.775778904596384988e-01
8.733533308560269548e-01
1.809667575562491137e+00
1.599649002797542963e+00
1.672530100020139354e+00
1.549259511136933609e+00
1.368009368064945663e+00
1.344957490046144066e+00
1.133446734648003940e+00
1.008491925267749112e+00
8.175592607585651095e-01
6.973976366717574704e-01
1.246958269644665274e+00
1.436400953805214264e+00
1.413580058533947748e+00
1.213069357260399661e+00
1.229270027721341974e+00
9.359963064522581755e-01
8.997546276245794727e-01
7.577515034152711992e-01
7.192450662275691187e-01
6.358216767400362013e-01
