1.134877465665340424e-02 4.686494544148445129e-02
1.910037696361541748e-01 2.022225968539714813e-02
2.432083040475845337e-01 4.555757716298103333e-02
3.299873471260070801e-01 9.810757823288440704e-03
4.648894071578979492e-01 6.128420680761337280e-02
5.551956295967102051e-01 4.614444077014923096e-02
6.098591685295104980e-01 4.088472202420234680e-02
7.942432761192321777e-01 6.657353788614273071e-02
8.044257164001464844e-01 5.489380657672882080e-02
9.186990261077880859e-01 7.325822860002517700e-02
5.664325505495071411e-02 1.015990152955055237e-01
1.439741849899291992e-01 1.260535567998886108e-01
2.532175183296203613e-01 1.721790581941604614e-01
3.990450799465179443e-01 1.625125706195831299e-01
4.998233914375305176e-01 1.411182284355163574e-01
5.597459077835083008e-01 1.625982820987701416e-01
6.216546297073364258e-01 1.824480891227722168e-01
7.639151811599731445e-01 1.595687270164489746e-01
8.902080059051513672e-01 1.610540896654129028e-01
9.153488278388977051e-01 1.032827869057655334e-01
8.932437002658843994e-02 2.487217634916305542e-01
1.821792274713516235e-01 2.347150444984436035e-01
2.487401068210601807e-01 2.492876052856445312e-01
3.196204304695129395e-01 2.192689180374145508e-01
4.105177819728851318e-01 2.579081952571868896e-01
5.777827501296997070e-01 2.509237527847290039e-01
6.240628361701965332e-01 2.498805075883865356e-01
7.768121957778930664e-01 2.658908665180206299e-01
8.815032839775085449e-01 2.930186390876770020e-01
9.594756960868835449e-01 2.331684529781341553e-01
3.163030371069908142e-02 3.157944083213806152e-01
1.962098777294158936e-01 3.655970096588134766e-01
2.983553111553192139e-01 3.671756684780120850e-01
3.466996252536773682e-01 3.032914698123931885e-01
4.662323296070098877e-01 3.667751550674438477e-01
5.279929637908935547e-01 3.721867203712463379e-01
6.209270954132080078e-01 3.718324601650238037e-01
7.724248766899108887e-01 3.370344042778015137e-01
8.043333888053894043e-01 3.739304244518280029e-01
9.265696406364440918e-01 3.614087700843811035e-01
4.081808403134346008e-02 4.657685458660125732e-01
1.616991460323333740e-01 4.745168685913085938e-01
2.921171486377716064e-01 4.458167552947998047e-01
3.951552510261535645e-01 4.139692187309265137e-01
4.739136099815368652e-01 4.235830307006835938e-01
5.749121904373168945e-01 4.967873692512512207e-01
6.372904181480407715e-01 4.069084525108337402e-01
7.950989007949829102e-01 4.609422683715820312e-01
8.646363019943237305e-01 4.526442289352416992e-01
9.533866643905639648e-01 4.870139956474304199e-01
2.421049587428569794e-02 5.475305318832397461e-01
1.441647261381149292e-01 5.513411164283752441e-01
2.606827914714813232e-01 5.885450243949890137e-01
3.794922530651092529e-01 5.414752364158630371e-01
4.548292756080627441e-01 5.628268718719482422e-01
5.677713751792907715e-01 5.340405702590942383e-01
6.223950982093811035e-01 5.003677606582641602e-01
7.348771691322326660e-01 5.059787034988403320e-01
8.893589973449707031e-01 5.069640874862670898e-01
9.631608724594116211e-01 5.229938030242919922e-01
4.257540684193372726e-03 6.811690330505371094e-01
1.942749172449111938e-01 6.852136850357055664e-01
2.718599140644073486e-01 6.072850823402404785e-01
3.963241577148437500e-01 6.743338704109191895e-01
4.157809317111968994e-01 6.179838776588439941e-01
5.054447054862976074e-01 6.951872110366821289e-01
6.457322835922241211e-01 6.575270295143127441e-01
7.019988298416137695e-01 6.319622397422790527e-01
8.121733665466308594e-01 6.156889796257019043e-01
9.894976615905761719e-01 6.892225742340087891e-01
4.400945827364921570e-02 7.542719244956970215e-01
1.711398810148239136e-01 7.965433001518249512e-01
2.429921180009841919e-01 7.095746994018554688e-01
3.212333321571350098e-01 7.234883308410644531e-01
4.645486474037170410e-01 7.409925460815429688e-01
5.631629228591918945e-01 7.634701132774353027e-01
6.983648538589477539e-01 7.149407267570495605e-01
7.468680739402770996e-01 7.992204427719116211e-01
8.035715222358703613e-01 7.597427964210510254e-01
9.020178318023681641e-01 7.289552688598632812e-01
4.288510233163833618e-02 8.664574623107910156e-01
1.287021487951278687e-01 8.992068171501159668e-01
2.798124849796295166e-01 8.482933044433593750e-01
3.407130837440490723e-01 8.540399670600891113e-01
4.029395580291748047e-01 8.767148256301879883e-01
5.047937631607055664e-01 8.298802375793457031e-01
6.081227064132690430e-01 8.440683484077453613e-01
7.098830938339233398e-01 8.292439579963684082e-01
8.536394834518432617e-01 8.333382010459899902e-01
9.955337047576904297e-01 8.017573356628417969e-01
9.969751536846160889e-02 9.959979057312011719e-01
1.823040693998336792e-01 9.289508461952209473e-01
2.797799706459045410e-01 9.105750322341918945e-01
3.997411429882049561e-01 9.298183917999267578e-01
4.041386246681213379e-01 9.220427870750427246e-01
5.207053422927856445e-01 9.986221790313720703e-01
6.487546563148498535e-01 9.436797499656677246e-01
7.726842761039733887e-01 9.605481624603271484e-01
8.141481876373291016e-01 9.630728960037231445e-01
9.624642729759216309e-01 9.200165867805480957e-01
