2.500000000000000000e+00
6.595896900217091741e+00
3.497906592348898336e+00
5.590309531142530375e+00
6.798110127766469724e+00
2.243032970027258877e+00
5.937360067155456278e+00
2.945219329967985633e+00
2.852937796211961530e+00
6.246560475009593105e+00
5.333886180823412815e+00
3.757829026431693809e+00
3.573373757237220172e+00
2.627897510800630609e+00
2.536565317450394375e+00
2.668872810330808143e+00
7.883444447105236286e+00
7.883444447105236286e+00
9.126605737788935357e+00
9.126605737788935357e+00
2.551679103861693498e+00
7.448804772636067995e+00
2.125772618206157372e+00
7.399774676043948674e+00
1.133869767490875535e+00
1.331709296865248859e+00
1.212490989632761806e+00
5.272707091412236480e+00
6.043633872285723463e+00
4.726881168398413102e+00
3.765975417688196991e+00
1.047645263526207682e+00
1.030496243676657819e+00
5.480140719003053107e+00
3.782736651978796605e+00
2.157990472206194443e+00
2.673654257619480390e+00
1.062697710680572172e+00
8.479861740306176010e-01
1.945495695611657583e+00
1.308140859945200463e+00
6.146369601043646380e-01
9.443634108257843440e-01
9.435195784167157429e-01
8.779769155418897242e-01
8.779769155418897242e-01
5.222533130247490885e-01
5.783104496729236654e-01
1.006462527278517705e+00
4.182772826169700586e-01
4.051603722947590414e-01
5.598856039822625030e-01
7.259117423352449139e-01
7.533969053061208010e-01
3.853658253560198754e-01
4.094873448503590363e-01
2.688513239683698042e-01
2.892651480341731918e-01
2.892651480341731918e-01
2.705261759588653003e-01
2.609422050633554147e-01
2.057143965423094689e-01
1.633493408774302214e-01
1.224848770902877138e-01
1.419863776313526060e-01
2.341793621644246981e-01
1.747282928915421529e-01
1.804223361179269625e-01
1.655919915179651924e-01
1.721411115590714414e-01
1.308084312889007395e-01
1.222972676366044370e-01
9.354157135971621906e-02
1.236606763785983165e-01
1.013808335925500265e-01
1.013808335925500265e-01
9.698555867604254088e-02
8.131512357371295519e-02
8.131512357371295519e-02
9.740796005840800242e-02
9.992139243806311133e-02
1.017708613706242576e-01
9.776605098177347519e-02
1.145150105052992334e-01
1.145150105052992334e-01
1.594087940369830203e-01
2.260004279422348494e-01
2.065942304467009993e-01
1.806062822336091944e-01
2.103896997896803622e-01
2.153859495076700659e-01
2.173477329296403526e-01
2.547023652737460120e-01
2.547023652737460120e-01
4.019932113383165584e-01
3.767062417538467045e-01
3.767062417538467045e-01
3.767062417538467045e-01
5.428698564352461009e-01
1.095176887728694481e+00
2.243944729243623204e+00
6.610802973335039745e+00
3.840160259696792089e+00
1.208150936409481346e+00
6.437415255315455109e-01
4.098715323143082845e-01
5.649849555031585258e-01
5.649849555031585258e-01
9.225794354021723542e-01
9.030146952369424440e-01
1.573038891657825955e+00
3.881207475589281142e+00
3.439514687863155284e+00
8.324092980270712872e+00
3.227885160177583757e+00
2.751896248654445376e+00
3.382671229511222677e+00
3.334787355040402357e+00
5.004420582743678736e+00
2.979885046010307903e+00
4.113457961111574690e+00
7.279347205077423055e+00
3.878661634709034356e+00
3.878661634709034356e+00
3.684357839260699041e+00
5.143685849255976272e+00
1.621674575972341881e+00
1.621674575972341881e+00
1.621674575972341881e+00
1.965309561286839202e+00
1.304700949948168764e+00
1.418270279890836871e+00
1.418270279890836871e+00
7.355190371168187635e-01
1.405228171496711864e+00
5.468174744264139298e-01
7.284790456943273096e-01
4.776273879475194106e-01
4.561374907116544364e-01
4.272325418387255547e-01
4.128519559762671154e-01
4.128519559762671154e-01
4.195890340998149615e-01
4.195890340998149615e-01
5.139327281536690828e-01
3.902402967747908846e-01
4.116948144638821749e-01
2.702783996978463388e-01
3.695982354167349770e-01
6.493057684232399485e-01
7.150474678317467747e-01
1.260864769750188019e+00
1.794438137300463199e+00
1.296785789829318025e+00
1.288681734257058453e+00
3.170280303852395232e+00
5.333562073836574768e+00
3.301490900430499753e+00
1.829303454403127915e+00
1.172170938415762587e+00
1.172170938415762587e+00
7.661428389459608024e-01
1.589797392149335131e+00
1.961129063106877846e+00
3.347748173947650230e+00
2.536409469541280881e+00
7.042609754929987531e+00
2.018646317157616554e+00
1.552870826142590976e+00
8.204509929217969066e-01
2.361930857281162144e+00
3.507518600583512391e+00
2.289920547840352150e+00
8.848501395574276396e-01
3.759404713495467232e-01
6.078979880051484930e-01
4.686666094317481490e-01
1.519107465405607815e+00
4.242748737575574580e+00
4.031511901730163494e+00
4.531822211392747768e+00
4.764183645187878291e+00
6.826322030497118831e+00
1.653599338537499408e+00
7.312583237627753974e+00
2.358919036641645928e+00
2.101473262285386667e+00
2.085905515203934524e+00
2.651324721582112076e+00
5.480530720226091113e+00
1.270300333597605524e+00
8.049048297848094835e-01
1.255380536307585393e+00
9.629287097136537410e-01
1.183522855029617071e+00
2.881875317214544818e+00
4.660613909840466640e+00
4.556003378532109238e+00
3.806233539850892633e+00
3.503989773542716346e+00
1.012391015136138828e+00
5.334697906731955541e-01
3.850538960599909077e-01
3.850538960599909077e-01
6.068650105442527920e-01
3.432443801745209688e-01
6.831400413463261101e-01
7.147726912957320655e-01
8.369289436341122990e-01
4.061535594761555568e-01
4.061535594761555568e-01
4.216461169765852723e-01
3.018222421152821355e-01
3.018222421152821355e-01
3.018222421152821355e-01
3.018222421152821355e-01
4.351114103712098724e-01
7.646840252688681394e-01
8.516845731932766173e-01
1.208224025944461655e+00
6.563090456150379559e+00
7.587684615798167442e+00
4.234340300037782612e+00
4.437744322839141553e+00
4.629376210154515725e+00
4.629376210154515725e+00
2.068840614612779572e+00
8.703056596248465171e-01
8.703056596248465171e-01
5.437961996852042068e-01
2.980141458279337852e-01
2.980141458279337852e-01
6.547819201495111985e-01
1.913729190961745763e+00
2.772334274895942308e+00
2.783811596227521168e+00
6.352676107039714637e+00
2.094495968938642427e+00
2.094495968938642427e+00
7.646827088194844357e+00
5.310291398235922777e+00
5.310291398235922777e+00
2.067740550199338223e+00
2.067740550199338223e+00
2.225319885290005573e+00
1.462669557368313056e+00
1.193830119184703831e+00
8.814019929799491448e-01
1.968305480059831636e+00
1.131987280505562632e+00
5.058933395102338526e-01
4.164554484607759788e-01
2.833332892455823204e-01
2.359249316910067285e-01
2.420249235743764382e-01
2.431682560220063405e-01
2.521929680137453555e-01
2.474615555131467748e-01
3.701487569165677893e-01
3.988049480966674998e-01
4.326962702402364913e-01
5.004811640736545053e-01
1.188269852450309250e+00
9.037816134483604991e-01
5.052678348229683314e-01
5.333408197561799735e-01
6.353987082175276413e-01
1.006811029675519942e+00
1.410748761006843877e+00
1.836822449784465849e+00
3.733862716995359765e+00
5.278573068409563085e+00
5.278573068409563085e+00
5.278573068409563085e+00
2.123486695284480419e+00
2.123486695284480419e+00
1.359984749555200434e+00
1.043581192920240319e+00
2.842540015193568692e+00
2.832021094756140833e+00
2.832021094756140833e+00
5.083756867375753608e+00
2.355245495373163855e+00
9.075450275570338121e-01
5.086871820977544312e-01
9.961921885430095047e-01
8.071158642742863876e-01
9.373263748872171064e+00
9.373263748872171064e+00
3.566038302650125225e+00
4.913757817916983406e+00
4.023476970327045876e+00
9.411944559616628458e-01
7.165078133241328251e-01
1.267503362200254058e+00
1.267503362200254058e+00
1.047746712038257311e+00
1.047746712038257311e+00
5.994695815004874362e+00
2.066904057195779743e+00
2.066904057195779743e+00
8.056679009009193315e-01
7.031858785460832761e-01
8.599617804831287682e-01
5.402408482456443339e-01
4.893044140593360569e-01
4.314918445023958049e-01
5.428669657035581908e-01
3.866278189500934603e-01
2.707886500098392601e-01
2.470324074091252431e-01
2.470324074091252431e-01
2.470324074091252431e-01
3.325444046572280654e-01
3.044121256601327041e-01
2.918152041354080684e-01
1.776767248598183080e-01
1.631951768663064128e-01
1.631688815738924769e-01
1.780820739907774952e-01
1.722033520270090101e-01
1.617278541580629558e-01
1.301303538953048344e-01
1.055686005669544958e-01
1.277866573568318953e-01
1.235377503977887759e-01
1.235377503977887759e-01
9.552419634792293224e-02
1.318584310946992744e-01
1.012183103397939071e-01
9.641266366115722186e-02
9.819485659118391829e-02
9.819485659118391829e-02
9.819485659118391829e-02
9.819485659118391829e-02
9.819485659118391829e-02
8.479008964393724979e-02
8.927755035949064277e-02
8.784642979770615479e-02
8.223435871678655418e-02
7.351194527434344594e-02
7.351194527434344594e-02
7.858391069374669191e-02
9.653255988118671083e-02
9.653255988118671083e-02
1.367872384557355936e-01
1.367872384557355936e-01
1.383480937854899839e-01
1.014873073018234817e-01
1.014873073018234817e-01
1.014873073018234817e-01
1.014873073018234817e-01
1.006362015417356648e-01
1.006362015417356648e-01
7.971478838977089088e-02
8.511972898435654633e-02
8.670868056297369175e-02
8.144109519495497385e-02
9.561843126541423599e-02
9.561843126541423599e-02
9.561843126541423599e-02
9.002573159132583325e-02
9.002573159132583325e-02
8.448873903172447741e-02
8.448873903172447741e-02
8.448873903172447741e-02
8.448873903172447741e-02
8.946045625702554738e-02
1.071001353675404971e-01
9.929303580498512194e-02
7.598943815691119874e-02
7.663347760977176626e-02
7.663347760977176626e-02
7.967885517755342317e-02
8.345117416996593318e-02
9.008400709493920300e-02
1.049265087160008020e-01
1.049265087160008020e-01
1.227268798196387151e-01
1.269020815437605920e-01
1.246874075376597779e-01
1.246874075376597779e-01
1.246874075376597779e-01
1.152716149312630611e-01
1.269841668236472987e-01
2.023578721316515172e-01
2.010129228146269043e-01
1.786569927865079566e-01
2.250467856661709787e-01
2.724432735567394737e-01
5.698299588714380581e-01
4.874220362563547182e-01
5.569653707939998810e-01
6.069165155205350493e-01
1.037062152675210625e+00
1.037062152675210625e+00
1.474081832289215521e+00
1.099200975747700815e+00
1.062358876550280939e+00
1.217755071934577771e+00
7.846712386341409662e+00
2.285738368233592777e+00
7.524820396831350955e-01
4.630434352817293653e-01
7.635847451233903627e-01
1.112956077978744629e+00
1.651220180641332247e+00
7.874474175032094569e-01
1.636171668513308086e+00
7.100870513857781008e-01
7.319766868245686231e-01
6.515943377436976824e-01
1.514742569526166260e+00
1.514742569526166260e+00
1.514742569526166260e+00
9.061315628383211918e-01
9.061315628383211918e-01
5.978081938874668655e-01
6.820515767671418983e-01
8.616605630051970000e-01
8.953320227202067327e-01
9.659033099765371722e-01
7.312295462926123868e-01
1.856962972248783705e+00
9.989520893489248765e-01
1.179999604381452905e+00
1.597185009977850623e+00
2.792208185065937709e+00
1.974012395676829845e+00
1.378195349157740335e+00
1.953673697468240045e+00
6.300111967308449579e+00
6.391791490763411687e+00
6.319923192774838050e+00
1.710395371791912034e+00
1.462052010346759578e+00
1.699478459678825937e+00
6.169977814978123476e+00
1.986498152447911059e+00
2.010434605071413916e+00
4.380328448677881958e+00
2.244114931329115770e+00
5.962625594290374309e+00
1.170080317886198040e+00
9.383863949316814113e-01
2.759131925539275443e+00
2.759131925539275443e+00
2.759131925539275443e+00
1.647744683005706534e+00
6.907375572980718914e+00
1.620739895792523866e+00
1.250195532758483052e+00
1.595834235920024158e+00
6.463219628111213089e-01
6.463219628111213089e-01
6.895981569669632494e-01
9.102853100437996448e-01
8.428762559102614960e-01
8.868210631926054521e-01
2.700225082642397911e+00
4.097741685716815851e+00
3.932502355575397068e+00
6.441696455258220766e+00
1.177424045912183415e+00
7.092608705707693639e-01
7.092608705707693639e-01
6.486511361391675834e-01
1.197573596880324720e+00
1.285153447836504981e+00
2.058038539843053183e+00
7.106362567316961698e-01
7.081520039128175181e-01
6.089776480278099591e-01
5.375802389035061468e-01
1.663709319970111178e+00
1.337914704035953584e+00
3.182862293667388709e+00
9.946745778134806315e+00
2.964305091784567914e+00
2.502909585700107797e+00
7.785256960529305381e+00
3.118671328494161621e+00
3.118671328494161621e+00
3.327910975345351297e+00
3.727393479822912248e+00
3.257201671783188868e+00
8.307697338370978457e+00
1.852457825588253337e+00
5.569999943041381130e+00
7.781419479751944479e+00
2.891461971037037060e+00
3.171893412493903774e+00
6.406361320839114581e-01
6.033051109439814264e-01
7.065197224292880662e-01
1.150728095976089049e+00
2.851698401000763106e+00
2.851698401000763106e+00
1.839998665221890262e+00
1.422887824631287268e+00
2.247230956409165703e+00
1.555411691221032955e+00
1.555411691221032955e+00
4.977989223716796641e-01
2.688593484629027697e-01
1.889718629261630534e-01
1.889718629261630534e-01
1.754647155664685598e-01
1.754647155664685598e-01
1.754647155664685598e-01
1.375176035200842140e-01
1.375176035200842140e-01
1.375176035200842140e-01
1.375176035200842140e-01
1.060846439725647850e-01
8.646016472018670795e-02
8.655844798562298270e-02
9.633902366710847542e-02
9.633902366710847542e-02
8.502901311247795801e-02
8.502901311247795801e-02
9.740751405107565819e-02
7.898711710196959501e-02
7.898711710196959501e-02
6.994945848299984059e-02
6.994945848299984059e-02
8.365904264479977204e-02
1.005043901571783943e-01
8.879294910754394199e-02
8.879294910754394199e-02
8.879294910754394199e-02
9.738456212282202429e-02
1.273960935980253395e-01
1.810810574196744793e-01
1.830174850803731601e-01
2.547917492987676336e-01
3.964480334423304275e-01
5.284678978211125866e-01
9.038018084527281726e-01
9.372681860591917102e-01
1.003156984810767760e+00
8.416018566203391504e-01
8.935476821400429870e-01
8.765109087371455443e-01
6.237404357528272270e-01
6.237404357528272270e-01
5.686285829919758283e-01
4.479342940473839962e-01
5.904062904039008020e-01
3.290977935736331683e-01
3.471647045353298267e-01
3.704607856986195102e-01
4.816822589530458942e-01
4.816822589530458942e-01
1.478126418310460988e+00
1.478126418310460988e+00
2.683754478975166613e+00
1.146590827461952733e+00
1.059773118103467526e+00
7.749529836332045285e-01
7.536095881998585710e-01
7.536095881998585710e-01
4.153347869373884005e-01
3.703207832273185396e-01
3.284466801267200142e-01
3.284466801267200142e-01
3.182540475669594082e-01
1.803941350984159253e-01
1.803941350984159253e-01
1.777278532503631381e-01
2.777268554953839508e-01
1.902806539359214177e-01
1.902806539359214177e-01
1.702881541618593286e-01
2.190170569697264535e-01
1.534381227083414789e-01
1.177085976484898849e-01
1.177085976484898849e-01
1.177085976484898849e-01
1.015151013513883593e-01
1.286803742210508583e-01
9.438857842279378685e-02
1.029823473745056922e-01
1.223984333253907014e-01
1.646400768763895406e-01
1.416795589058627847e-01
1.609593586899054907e-01
2.011132894558769479e-01
2.800083108044076896e-01
3.237451226217729072e-01
4.142898604164684806e-01
6.404369614207597872e-01
4.290772991028963812e-01
5.425698050740662692e-01
3.193404824595456604e-01
4.012087614162744842e-01
4.256580462632834072e-01
6.353633648396859179e-01
6.353633648396859179e-01
1.264343199725331823e+00
5.333606868005561497e-01
6.152275818817978248e-01
4.105812887551231194e-01
3.380739282235910026e-01
4.306292287505122940e-01
4.306292287505122940e-01
7.543145296806781364e-01
4.047481989638757605e-01
4.047481989638757605e-01
2.665432154114687480e-01
3.027473189526269648e-01
3.027473189526269648e-01
6.259893787338182136e-01
8.310068821294535057e-01
4.203440790528713555e-01
4.684105335823445793e-01
3.926022427586119967e-01
3.571739960658336099e-01
5.026741812125647968e-01
5.026741812125647968e-01
6.924860355575832571e-01
6.392938992434905598e-01
1.256710261781248450e+00
9.182478510543506944e-01
1.581601224673850892e+00
5.312758177087429923e-01
6.558157615841007093e-01
9.562949694981599524e-01
7.499706668141346011e-01
6.355967302254832418e-01
3.480353696586757084e-01
7.474254804314043321e-01
7.662016497980025376e-01
8.164208034517040913e-01
9.341234370745256088e-01
2.662012755667547026e+00
1.059255982759401915e+00
6.511478750046556518e-01
1.247955581517597556e+00
1.369549632998771749e+00
7.981304908709375701e-01
6.343044755189268802e-01
1.615421322150435657e+00
2.109027254206795376e+00
2.109027254206795376e+00
3.619663722277084439e+00
3.213746689079121754e+00
7.466320545095239680e+00
1.307545816143076634e+00
6.359183719179371863e+00
5.552601212720182922e+00
3.158389962161868070e+00
2.506911664509694937e+00
3.948607546101921884e+00
5.601073506826546478e+00
3.048700729752208183e+00
2.847665807660520798e+00
1.296177271239120632e+00
8.525890950183216077e+00
5.091629435915483448e+00
3.295164149777966234e+00
3.990463112204917895e+00
2.932622960316805472e+00
3.341917063327224380e+00
4.619570958004523220e+00
3.786168587840574862e+00
2.907011693903227112e+00
3.172440856544094245e+00
2.896626751393322152e+00
5.437855573752850447e+00
2.543433587490206982e+00
6.056089262573899568e+00
2.767379635915724556e+00
3.746283922436342895e+00
4.723255774229238924e+00
1.278931870465148446e+00
1.278931870465148446e+00
1.278931870465148446e+00
7.617852731964327440e-01
1.699207128358211749e+00
4.336527798728988081e+00
6.414322652342057118e+00
2.320277092449044343e+00
5.501176358464056726e+00
2.620993181177587505e+00
4.198616826689980819e+00
3.534973823632619805e+00
3.689509150021158312e+00
2.141982195878406880e+00
5.459840802171910035e+00
1.140099245531291050e+00
1.215484552192876544e+00
7.046592043194412902e-01
4.182176296884988487e-01
4.171261720734109057e-01
5.434019420675627599e-01
5.434019420675627599e-01
6.748722765924620726e-01
4.931561622218391117e-01
4.931561622218391117e-01
4.931561622218391117e-01
2.816772969130283411e-01
2.816772969130283411e-01
4.111321034801571073e-01
4.111321034801571073e-01
4.176297009330124377e-01
8.325102011974431226e-01
9.045307448695546482e-01
4.278789710417270076e-01
4.171820016426908140e-01
2.554880613155158797e-01
2.554880613155158797e-01
4.187225237089517993e-01
4.915650457483812241e-01
4.915650457483812241e-01
3.327701005293748349e-01
3.327701005293748349e-01
3.665411839031720853e-01
3.684635137465493426e-01
3.240059670485234133e-01
3.876379033906061644e-01
3.876379033906061644e-01
3.876379033906061644e-01
3.693339675873771322e-01
3.693339675873771322e-01
4.210075646510195724e-01
5.031857069570417895e-01
5.567359037464965077e-01
5.567359037464965077e-01
7.411394543726878004e-01
1.458545621035624684e+00
1.458545621035624684e+00
5.067358152646093572e+00
1.284957931834089351e+00
2.299467227976261352e+00
4.361737405625496500e+00
5.111685688508649683e+00
1.171045488048259031e+00
1.943890653864715379e+00
1.491759480501188673e+00
6.438450017251780899e+00
8.945680423198947295e+00
4.255529227001902726e+00
8.528066399767192607e+00
1.947535059890193043e+00
7.039335411675919474e+00
1.850813552817751395e+00
1.218300376603439927e+00
2.006519473760288275e+00
8.545852703286322960e-01
8.545852703286322960e-01
8.545852703286322960e-01
5.283284387449409536e-01
6.443987083428999174e-01
7.117819081527215763e-01
5.866387711533312954e-01
5.866387711533312954e-01
6.317197981752062930e-01
8.725792599204276190e-01
8.725792599204276190e-01
9.014033942531415322e-01
2.427530347178183945e+00
3.549257755488045785e+00
1.482713030821331435e+00
7.753155250022616407e-01
5.023971707864871572e-01
4.373301351451431285e-01
1.355984007491795929e+00
1.462950179906482129e+00
7.656735226494523205e-01
5.292617417381458855e-01
5.442792617261003052e-01
6.407156733664840509e-01
9.073853343899961343e-01
3.693674094996400314e-01
4.649747838373994302e-01
4.649747838373994302e-01
4.532724627452903166e-01
4.917365770011787318e-01
3.503194474245652779e-01
3.503194474245652779e-01
3.810784426755078891e-01
6.043721065754661392e-01
1.010100263095468298e+00
6.618894417952989606e-01
6.726793241311682658e-01
3.442541306135494583e+00
1.229762113311627436e+00
2.001842773884002114e+00
8.790464549567826857e-01
1.737711629329396823e+00
4.203451177064104094e+00
9.292960308183380036e+00
2.436176599587260405e+00
2.790003004107522333e+00
1.965687074075490148e+00
4.997115601936107154e+00
4.997115601936107154e+00
3.004987816347327811e+00
3.862080281982715135e+00
2.602047452164087282e+00
5.929414168419363307e+00
1.641147911079758437e+00
1.775992902454345712e+00
3.755629226035093193e+00
3.313661536907377414e+00
8.699846703717915020e+00
2.882379324804530629e+00
3.334960461569531187e+00
3.502802376438668208e+00
2.949955417714892114e+00
7.120146620370847224e+00
9.606617882116985641e+00
9.606617882116985641e+00
3.153691240794770145e+00
4.293173625442573638e+00
4.293173625442573638e+00
6.498925652753940518e+00
6.498925652753940518e+00
2.641252332838417427e+00
9.115497829441772115e-01
1.475977416117621788e+00
7.924281942672047663e+00
3.395939431334861869e+00
3.450952058859342753e+00
5.396650118176207656e+00
6.626187178948915069e+00
1.679229701879739078e+00
8.791700916220196449e-01
1.856928767135906710e+00
1.856928767135906710e+00
1.856928767135906710e+00
6.721726521221145667e+00
7.952521955541345555e+00
6.210585892857690027e+00
1.370587619221684594e+00
1.385091159885863732e+00
1.385091159885863732e+00
1.476028890393717319e+00
1.614574307306956724e+00
7.576050923647519308e-01
7.576050923647519308e-01
1.565549854858766743e+00
1.682267150550194490e+00
1.214218667259020501e+00
1.255714468642551207e+00
4.457599014595237996e+00
9.268454768187227799e+00
3.497694465954362286e+00
2.627809816002486532e+00
3.012216741575064916e+00
7.480836364794724247e+00
7.480836364794724247e+00
2.614805718379245025e+00
9.338967152267785288e-01
1.733758763736204633e+00
1.733758763736204633e+00
5.809497104810855461e+00
3.487833001488275020e+00
3.966813772806162763e+00
3.466976732872369737e+00
2.580575562498941711e+00
8.677758248256763896e-01
7.644935573484722413e-01
8.950470033826130045e-01
5.032709833784749787e-01
5.032709833784749787e-01
1.004015069069265742e+00
2.307999714538807812e+00
7.223196968125176198e+00
1.635772868604866037e+00
1.635772868604866037e+00
5.830057847961995776e-01
9.526831088554561511e-01
5.331998933125777773e-01
7.182876378110319981e-01
7.182876378110319981e-01
8.689896686277245319e-01
3.568299521363270443e+00
6.137050896261275312e+00
1.437926079739840546e+00
1.437926079739840546e+00
4.284399447545359507e+00
5.114780448246927236e+00
3.425910594851586222e+00
5.043553722088428337e+00
3.371204907512200144e+00
2.290373910362912380e+00
3.544972621204289354e+00
3.544972621204289354e+00
8.077391690550488335e+00
5.763249831118095301e+00
4.026552939888482285e+00
8.320154536450902194e-01
1.746136879580885370e+00
7.378895686469346682e-01
5.612303827815990909e-01
3.800308626829079217e-01
9.040231973344098337e-01
1.386460765100285597e+00
1.337615460325432215e+00
1.447352546614139701e+00
1.055852983179367266e+00
1.423851983868701820e+00
4.725914083729812809e+00
3.503976444643439603e+00
1.100517534882502924e+00
9.332804709912667640e-01
4.356011683579062432e-01
7.177576410732372514e-01
8.030054141418977443e-01
4.973340575182255141e-01
9.334774667033759465e-01
6.969498087208032544e-01
8.692240220571737508e-01
4.669984922299321717e-01
9.533786122340393021e-01
9.533786122340393021e-01
1.835181947157177529e+00
7.877152008913044234e-01
7.877152008913044234e-01
6.229008913795314184e-01
6.229008913795314184e-01
7.706695715021714133e-01
6.580800858437342304e-01
5.434334359470111009e-01
3.406248572060920909e-01
5.188022959885258967e-01
5.465143206768963147e-01
6.360035468197228203e-01
6.360035468197228203e-01
4.339338510268500038e-01
7.431321581557408518e-01
1.187819164212909895e+00
1.163473828785535291e+00
5.462267981268814632e-01
5.462267981268814632e-01
4.511170035670082901e-01
5.854185321349997251e-01
5.854185321349997251e-01
4.936714164256991166e-01
4.936714164256991166e-01
4.936714164256991166e-01
7.244362724966538769e-01
4.500266397027026799e-01
7.161291066074833012e-01
5.858309979783706822e-01
5.858309979783706822e-01
3.341297741242141295e-01
3.341297741242141295e-01
6.325820700574098510e-01
1.623397724805237141e+00
7.937665017253582311e-01
7.300667024069901201e-01
1.272746151058600006e+00
1.272746151058600006e+00
5.167415792746952619e+00
5.167415792746952619e+00
7.360954229327605347e+00
2.766124739405296573e+00
8.259514487976190367e+00
3.827853494842452964e+00
4.478345004571003152e+00
1.487297643872779629e+00
1.487297643872779629e+00
1.487297643872779629e+00
1.090692048133401038e+00
7.267753550954408892e-01
8.205228121159099386e-01
1.954846432723906569e+00
1.954846432723906569e+00
4.608270273990869192e+00
9.013927835467873129e-01
5.850702074894833515e-01
9.643806979279969660e-01
1.475612513759660072e+00
1.475612513759660072e+00
1.392549346970306523e+00
1.903301505649290348e+00
1.513949550172605463e+00
6.982068998319138409e+00
3.983817913889189821e+00
5.212327174222350479e+00
5.212327174222350479e+00
1.056793117256140002e+00
5.405521693850439124e-01
5.709909652469741248e-01
4.680542627031963332e-01
3.086662538480260398e-01
4.623928899467957820e-01
4.623928899467957820e-01
6.356738237310353146e-01
6.356738237310353146e-01
1.521369813640297775e+00
8.810407084345416306e-01
8.810407084345416306e-01
8.810407084345416306e-01
1.423415629931547688e+00
1.068150749504453989e+00
4.068951389914822414e+00
