0.000000000000000000e+00 0.000000000000000000e+00
1.701385363201152190e-01 -7.069796426068433171e-01
7.313695619435247597e-01 5.298347266176008930e-01
5.463844988618750120e-01 -1.213501873637039097e+00
4.428575526843716581e-01 -1.423185402386664133e-01
-1.808788527827083215e-01 2.950086453629321426e-01
-9.232387686894248935e-01 5.663163651042855129e-01
-9.566075667448094011e-01 1.975113570771527272e-01
-7.965585823171679181e-01 -6.761088807407262813e-01
1.135512744235078753e-02 -8.895461406211019328e-01
-1.017985310584749170e-01 5.124708476503136989e-02
7.386010097942503627e-01 2.909547380017533103e-01
4.812698290453142347e-01 -2.005970554882369195e-01
-2.083862518312168399e-01 -2.351994120624182338e-01
3.721900439845616804e-01 6.147251934463088263e-01
1.053095481236638209e+00 1.123666142502570131e-01
-1.319071949394234888e-01 -3.695577972639001452e-01
-9.818075811987703183e-02 3.394862654798818102e-01
1.773763858044201669e-01 7.884976523875355525e-01
1.029336927265211976e-02 6.086501124384816608e-01
1.670029017521383885e-01 3.790399994390836191e-02
1.409732039912939161e+00 2.704299743545562906e-01
6.244879584591022104e-01 1.250736885106983998e+00
1.896467535593307829e+00 1.476014152368748000e+00
1.261472589003247879e+00 2.539993266644811065e+00
1.441556793182224405e+00 1.729440426994803159e+00
1.100031292629269464e+00 1.258170013906775075e+00
5.509779663304085195e-01 -1.601390490583176618e-02
-1.679404830887739619e-01 -2.335286856560484514e-01
5.250098304710623109e-01 -1.809728185807392586e+00
2.271216102662291236e-01 -1.366397169881968798e+00
5.070010619678509967e-01 -1.082634148606151259e+00
-9.223774141566606355e-01 -1.546826650393026359e+00
9.805291391693915504e-02 -1.339690954267639622e+00
-1.387221297787855079e-01 -1.606124766925696390e+00
3.301100866041563053e-01 -2.122655935491854162e+00
-1.831339706500070275e-01 -8.886661953092498401e-01
-8.313736806713211136e-01 -8.031329721979406644e-01
-9.640209884608503810e-01 -9.255677621760859397e-01
-1.293098042855555407e+00 -8.356939572260990712e-01
-3.981880760248577289e-01 4.339891976109573335e-01
-7.542152589482147285e-01 9.286959377794747894e-01
-5.799007335451635825e-01 -4.528913816895140387e-01
-6.590331391184871546e-01 -7.792458893939183673e-01
-4.006778567021824777e-01 -5.419544679758626637e-01
4.517914792026391790e-01 -4.119554891279468833e-01
4.629211426801055351e-01 9.247462714154163210e-01
-7.740752667116812535e-02 1.802241787494558878e+00
7.333878303575090962e-01 1.606262484771421750e+00
-4.394848540936024950e-02 7.393248130611871360e-01
6.894129380077782532e-01 7.520006976283305500e-01
1.569819302396635141e+00 1.966393938777064587e+00
8.346471924092012662e-01 8.887526616964755988e-01
-1.108886477745286703e-01 6.399218153692988187e-01
2.783666194434142316e-01 6.811322964751339581e-01
-3.247352527458396976e-01 -4.613587426747178810e-01
-1.008744272247680929e+00 -3.553204034945313117e-01
6.410792536719066570e-01 -9.648585373096016937e-01
1.014372076917340770e+00 -4.938312307991258310e-01
5.164605533237571766e-01 6.088373276003409273e-01
1.725667569585715988e-01 -5.762801742213691236e-01
1.098373861296528808e+00 -8.023070417214983596e-01
1.418548467605491581e+00 -1.089069904450269410e+00
7.141853415024970175e-01 -1.548861285874629568e+00
1.646951732297587956e+00 -1.134246341810144498e-01
1.294806923413857946e+00 5.906474226302683705e-01
-5.837182512564655923e-01 -1.304879855109955189e+00
1.158327959652921679e-01 -1.180323796847851270e+00
1.425628028668221470e+00 -1.272715522559868528e-01
5.277241211886680716e-01 5.474169506403366858e-01
-1.078409475098470738e-01 7.048764171375263565e-01
7.581355692667346435e-02 -4.985503124130707953e-02
3.251898684593793609e-01 -7.868570606989868654e-01
1.533686826598678055e-01 -1.883578435316326516e+00
6.988108978254281567e-01 -1.266400962517738593e+00
-1.195428923749351391e+00 -1.343527457606776387e+00
-3.156509787024141644e+00 -4.668750060089166265e-02
-2.797514514619256154e+00 5.675730675039859507e-01
-1.939163446321993334e+00 1.058004314813520086e+00
1.080633530635803918e-01 1.106892549369363765e+00
7.820778999784885333e-01 -5.664387479651328272e-01
-1.349087699674698992e+00 7.118573210391418993e-01
-1.173991119497562519e+00 1.658400055853722854e+00
-1.444548513179698901e+00 1.330492550933543683e+00
-1.798024737906069870e+00 4.476156489122966597e-01
-5.339432835116725284e-01 -2.606855599859525530e-02
-1.718105790745106054e+00 -3.571630642716583370e-02
-1.106962280756981221e+00 1.171363305518604569e+00
-1.576137978085849989e+00 1.008588727876408520e+00
-1.141040827328597462e+00 1.409911414991394718e+00
-2.707025468450808603e+00 7.296319594252400620e-01
-2.242536779634573207e+00 1.448888195288625891e+00
-2.052691229821362651e+00 1.170803993415854727e+00
-1.636363010478323332e+00 6.223282054278332920e-01
-1.047703091425307598e+00 8.718531536050356801e-01
-6.515296012161944095e-01 1.270324343331891814e+00
-8.820378198295023564e-01 5.444460407067135410e-01
-2.106310474934367516e+00 -7.896059543966628125e-01
-1.580414733537776506e+00 -7.325678533041231066e-01
-1.785925311476003419e+00 -9.837021287056557650e-01
-2.739567444645372163e+00 -8.935321095246222534e-01
-8.953594132737789923e-01 -6.627014593020070787e-01
2.662415919081334570e-01 -7.485506561423568295e-01
-4.854802766486588927e-01 3.256793331365053223e-01
2.397474920558113620e-01 1.338331792415070609e-02
1.320537922613988613e+00 1.134146881121329997e+00
1.337838776182387779e+00 5.809714692843863659e-01
5.553663724047178674e-01 1.909145451353837508e+00
9.253545357221604206e-02 9.864998036672859572e-01
-1.403557473721047666e+00 -1.361941306257191675e-01
-2.213538990092088543e+00 -9.135048875798890133e-01
-2.192346308926874432e+00 9.510990146902942310e-01
-1.256746806801364968e+00 2.690668521856534046e-01
-1.933886246023137634e-01 4.248946129522146453e-01
6.929161371910839140e-01 7.112272138556992029e-01
9.434757487096299133e-01 -1.680405218009893842e-01
1.000743056892591465e+00 -1.696556595903937481e-01
9.807346704594264164e-01 -1.431230349873331642e+00
8.100609154345320695e-01 1.884653402488364327e-01
6.174935650006380117e-01 1.938228192209741074e-01
-9.699523680551280780e-02 -2.645326444010084321e-01
6.256959528834831197e-01 -2.763362450158377559e-01
3.335376662689565341e-01 -6.300057924406627929e-01
4.393720138773554718e-01 -8.312561546394844347e-01
3.608494464114689881e-01 -2.165245874555337124e+00
-9.041051419497725394e-02 -1.986978398741260143e+00
3.596144031305289479e-01 -1.759749711047683185e+00
1.813648648943200659e+00 -1.532565635378750901e-01
1.316379852052282695e+00 -9.844060738854617520e-01
7.018673908993553479e-01 -1.089611207487140021e-02
4.650614294984469765e-01 2.519983001433804271e-01
3.166146861414130820e-01 8.323703348026092463e-01
1.995563288114160505e-01 -3.219319696508535777e-01
-4.435959324902505330e-01 -1.386952860887172623e+00
8.459731178837464061e-01 -3.530757678511267095e-01
1.694828025508472447e-01 6.450888398458680673e-01
2.253268134399555311e-02 -1.819197343417112700e-01
-5.025252541160555309e-01 -4.475151777321342283e-01
1.178797699280930367e+00 -9.296124424066321001e-01
1.353288011728288609e+00 -9.624850738484186374e-01
1.128136408391755996e+00 -9.931118717305738031e-01
1.066944694853728892e+00 7.625961666635667768e-01
9.168843973967520933e-01 8.109350530965468984e-01
-3.691967834388786285e-01 -1.638418626333958406e-01
8.216469039251661499e-03 -2.139537433646312437e-01
-5.457479898258826845e-01 2.500106468701200901e-01
3.602257417577812149e-01 -1.108539253336664476e-01
4.852535806653831552e-01 1.574184871438364830e+00
-4.357123408371773587e-01 7.723925796122732557e-02
-5.823230318229087876e-01 -1.479513779638919946e+00
-3.377955070545919369e-01 -1.787369041672013825e+00
6.454450090016349284e-01 -2.847148966228167932e-01
2.085265272571336093e-01 -7.083428774287058305e-01
1.201084560849942307e+00 -1.164756324196388526e+00
1.945726574591076563e+00 -5.968346190563010856e-01
1.090207094239973085e+00 -5.597423618851052884e-01
3.107752468891288311e-01 4.995995497356967574e-01
-4.671776041987250050e-01 5.097808975897211159e-01
-9.058127366787938062e-02 3.196166916852259954e-01
5.276281282491787072e-01 6.527869629736321455e-01
-6.941627316464193953e-01 4.629913373992941006e-01
6.584735149132404652e-01 1.734627748870457564e-01
1.581673580441635085e+00 -7.362489461456653839e-01
2.305238365189923755e+00 -2.004926062310966595e-01
2.113278521270936849e+00 7.741781949561166165e-02
2.918908177491858602e+00 -4.637644520129914349e-01
2.476328040567508548e+00 8.853644628500632052e-01
1.758214206543389668e+00 7.322984046913449951e-02
2.070224478776241384e+00 -1.573927929306023765e-01
2.366646051729500932e+00 2.009576883911788903e-01
2.339985587528326860e+00 -7.473024648237287515e-01
2.186908323457334991e+00 -2.100380319814610930e-01
2.715743434178639060e-01 1.002698045093292967e+00
-1.074538715256222687e+00 1.320493938842636217e-01
-4.814251987297967217e-01 -6.586744985230922333e-01
-1.890653061026702497e-01 -2.124694093814438745e-03
-5.488966657392146953e-02 -9.163047124795438148e-01
-5.201309668941389575e-01 -9.200957313396862514e-02
-7.818879563441999414e-01 -6.573744905979375108e-01
-9.694762527182040346e-01 6.359696404907340117e-01
-2.265567113342815908e+00 -5.459348825343457445e-01
-1.631890473125569674e+00 1.079958674644366567e+00
-2.120071376535079821e-01 2.624213853767138893e-01
-2.434928975662088435e-01 -5.260899658674389467e-02
-3.232484515478289966e-01 1.715269507526394621e-01
7.809366968101550954e-01 7.629046036275156650e-01
-5.119505705536121498e-01 8.119010969282228762e-01
6.206853831884104888e-01 -1.150341436950931273e-01
3.959463845829651607e-01 5.452955590642213357e-01
8.526868084436801665e-01 -4.483358519162712330e-01
-2.938079771008350605e-01 -7.839753654575720709e-02
4.623167339121887487e-01 8.316586868214634887e-01
-1.361633627922810286e-01 1.808184393873316642e+00
-1.403342378841170301e+00 2.062513770390281831e+00
-4.715625237060225849e-01 1.654951729703911578e+00
4.002408510485474524e-01 1.369185648140158085e+00
5.622014469101779266e-01 1.095276170236229696e+00
4.014120759594952403e-03 6.190883635499068172e-01
-7.917702572247146131e-01 9.725945549523503653e-01
-1.097522857138972796e-01 3.338866689456163606e-01
-9.303704020679590680e-01 -1.036635121812637728e+00
8.976814289293078009e-02 -3.378194950798368845e-01
1.696561386439167096e-01 7.151103537951707390e-01
-2.288861420785998080e-01 6.590799687166710719e-01
-6.927980733103374922e-01 1.120498364677191550e+00
-9.378054835430876812e-01 7.750749690258871283e-01
-4.313670050493744190e-01 6.478738365071444738e-01
-8.069793615949238941e-01 4.429262210355013885e-01
-2.101978873225717415e+00 5.334189563509401655e-01
1.790379551652576673e-02 1.351540913794592180e-01
-6.477725202284239092e-01 6.635270118069935830e-01
-1.039912928871189246e+00 -1.294611053745599039e+00
-1.167146661925957396e+00 -3.474368419933925312e-01
-1.891890736316313326e+00 -9.608040151195231804e-01
-1.328589066094748805e+00 -4.173315534764659995e-01
-9.660656237733158402e-01 5.008648091684616555e-01
-7.433593313821954540e-01 2.739820204457094066e-01
-9.335410229881241362e-01 6.390924087963001377e-02
-7.508199472349917913e-01 6.175343628221366954e-01
-5.528524877593351539e-01 1.272598001089961572e+00
3.055867775603744452e-01 1.906308403456594025e+00
8.917593013942674007e-01 1.437691978421497652e+00
1.157204260577853860e+00 1.267068147987237881e+00
2.937527250168351367e-01 1.747207914424084851e-01
8.716858205665622972e-02 9.002993995797287097e-01
1.144206241394410961e-01 1.995763629533887418e+00
7.368491159518020250e-02 2.552489113040348645e+00
3.970994733130468468e-01 2.050561840044257789e+00
5.313277612392819371e-02 1.135524568769934461e+00
-6.627615610640513744e-03 1.047486520440753743e+00
-2.200235752770254294e-01 1.691006538285667826e+00
-8.794247085085179494e-01 5.131967612830836689e-01
-7.792326193193102046e-01 1.534089421722729440e+00
-1.667342098307575737e+00 1.642127401008298015e+00
-2.021820238317279639e+00 1.524758435083437114e+00
-1.155529464848090271e+00 6.391275404916815228e-01
-1.677393597772878220e+00 2.350771501344872672e-01
-6.229880599734622937e-01 3.109809230039416450e-01
8.524688736687646706e-01 -2.430135621301161564e-01
1.063651920818002417e+00 -8.220567561175438076e-01
2.257317426214657363e+00 -3.812330493401271392e-01
9.132522087436527602e-01 7.641376586504005086e-01
-6.726426036784827200e-02 7.577401409124272513e-01
1.198822167085206392e+00 1.339325693704463971e-01
1.514861033972764393e+00 -3.570878879555587915e-01
-3.762857869491805785e-01 5.406494797208505343e-01
5.333814009266879541e-02 1.431895916822223835e+00
-6.133275357024240426e-01 -3.291474511926487656e-01
-6.438642398793753552e-01 -9.604583908440386120e-01
-1.321772162254707172e+00 -1.849512381219363233e+00
-4.464972415059251798e-01 -1.788798594744726689e+00
5.208833550214153618e-02 -2.693197073379014483e+00
9.436314810907022732e-01 -2.096070130542713184e+00
1.746823938627656503e+00 -1.960829979463726946e+00
1.293058027231254403e+00 -9.317450813983584323e-01
6.893271965429318415e-01 4.241298180504087245e-01
1.692028193357613119e+00 9.940005054540994589e-01
2.144042253021896105e+00 -3.920743611513376470e-01
1.725419999960388306e+00 -2.457336116650499225e-01
1.600300665308756143e+00 -7.238172655368370068e-01
1.160803232172241461e+00 7.729571083048585312e-01
3.703418886572366620e-01 1.788408344848041009e+00
5.763747944407290325e-01 1.143267315239618664e+00
-1.123940668839902290e+00 1.386598075885561832e+00
-9.671809130791376719e-01 1.148274795761347056e+00
-1.124758676588459627e+00 1.256939838156504452e+00
-1.304649944018143159e+00 7.607944665342576407e-01
-7.507514393331115032e-01 -3.101577917489868330e-01
-1.115673303853831566e+00 -4.129236522097404771e-01
-6.744486769116295743e-01 -5.460779809156395270e-01
-7.548767808914946809e-02 -1.023920253522238255e+00
-1.051420776716762706e-01 2.393571050646805531e-01
1.219551623566973220e+00 1.380789125577393861e+00
2.384553070355380555e+00 1.008866529401433176e-01
7.607193572705484019e-01 -4.302442361896624545e-01
8.186164672930559272e-01 -4.711842854183623253e-02
1.423335643141868445e+00 -9.465533129641663379e-01
2.743795863073448693e+00 -7.823089209833570257e-01
1.745698768510492993e+00 -1.567370592901849768e+00
8.187631330449842704e-01 -2.009914546951427017e+00
1.358940232772905210e+00 -2.057999819709270373e+00
1.724110036116939026e+00 -2.419983193989421189e+00
1.299173052049345634e+00 -2.496887328406204531e+00
1.266223762762574978e+00 -1.521639930791369499e+00
1.843054674627287559e+00 -5.309801698287331950e-01
5.228992301870414305e-01 -1.277215896861940259e+00
-2.183731516219137303e-01 -4.318635212435270043e-01
-1.050640371777658899e+00 -1.494757969694441524e+00
-1.506305638329505481e+00 -1.355154001620164195e+00
-8.365913856677607008e-01 -2.648905809250993393e+00
-1.599969835537170093e+00 -2.844211907353800584e+00
-1.215152950084505301e+00 -2.360899847542567986e+00
-6.957068621788851104e-01 -1.012177627704382354e+00
-1.017662425576868035e+00 9.696851220803825999e-02
7.863390336612179343e-01 1.798274714574813471e+00
-7.712801490150422712e-02 1.503516768724762365e+00
-3.674563872913729767e-01 1.767037730443775878e+00
-8.225614456287979603e-01 1.791517359109678686e+00
-6.699913177108529627e-01 9.170423363030087982e-01
-1.558115557407639518e+00 7.775147618688930118e-01
-1.080186768291660160e+00 -5.549462563556930572e-01
-2.099724787050917030e+00 -9.216855472222016399e-01
-3.931330940254743611e-01 2.159626840826714966e-01
-1.269145717614106328e-01 6.677826315484152175e-01
5.962795048112432550e-01 1.277701056623152809e-01
8.505724002717225396e-01 5.431744465459330540e-01
2.246551397509243486e+00 8.302335169754493371e-01
2.041126221120209472e+00 -2.929968390617488927e-01
7.921509010057401490e-01 -2.546064829235544780e-01
3.349847102618443984e-01 7.630828085450812592e-01
1.652643867658090127e+00 1.112474915047657831e+00
2.114662973812641678e+00 2.008433339969840858e+00
1.834965310857442633e+00 2.195814911519878176e+00
-3.143610835190957520e-02 8.599875539105228395e-01
3.872299837746573381e-02 7.290184387820832779e-01
1.426489756760560779e+00 8.952539281250090353e-01
2.088734707437014393e-01 9.715185635910005280e-01
-8.989957431925684750e-01 4.280181885614965376e-01
-6.072663865076388667e-02 1.996944648548684142e-01
-2.733792976599268565e-01 2.916726798898405804e-01
9.652916452318185403e-01 5.679639242535359234e-01
1.011471031220532835e+00 8.613493621866789018e-01
-1.783435779923837616e-01 8.495304790151816388e-01
-6.447018054238315976e-01 1.836253627172972358e-01
6.310669304529396006e-01 3.351813102674978673e-01
4.018919299036669557e-01 5.376349257100868639e-01
-6.158509653207594470e-01 5.309203073665621497e-01
-2.093871756545431229e-01 -5.268336091834145973e-01
-2.702982083818772363e-02 -2.809171616187752241e-01
-1.166441542784455443e-01 9.178072238205372546e-01
-1.152329588094753721e+00 4.601735804141632302e-01
-1.099435225451852460e-01 -8.601359443113970604e-01
1.822819368716068755e-01 -5.700527103572944343e-01
-5.397520918401765844e-02 -6.800797650647072423e-02
7.918229776887143467e-01 -1.701481658731988089e-01
-6.021255794585479437e-01 2.640733567300033169e-01
-1.385518109712502888e+00 -2.407934930531079321e-01
-8.645627498258445787e-01 -9.424264555042314306e-01
-6.316348519660047733e-01 4.045521039443502609e-01
-1.064574454127442227e+00 1.054837087502191295e+00
-6.533125679575427780e-01 1.074492682423195955e+00
2.328039681234629343e-01 2.318918106467282303e-01
7.926022914253794127e-01 -2.146972108162684689e-01
8.671441725600220751e-01 -5.403300289246705246e-01
2.019307177824397614e-01 -1.828148621607828650e+00
6.699796615294506541e-01 -4.184603197056002699e-02
1.114146855319756435e-01 -2.329437914761172124e-01
5.474934352080627065e-01 -6.635574790077118923e-01
7.556761006052788998e-01 -6.964597868080597554e-01
-1.502289175123221465e-01 -6.613656658948788847e-01
-2.288980043429418298e-01 -5.291696154415510556e-01
-1.784652090042702088e-01 1.873508590127452855e-01
8.407883807922809094e-01 7.064884264390570712e-01
6.685562728558009926e-01 4.436952698384127869e-01
6.671573077134296259e-01 5.039128714507651319e-01
4.913042618930448802e-01 -1.500332214554120913e-01
8.154810445099986982e-01 -1.360300966857184157e-01
-9.952000777512337581e-02 1.144766278795100511e+00
4.857110719421166012e-01 1.559696350758852601e+00
7.977117516122284036e-01 1.883983691153120033e+00
7.542073227161250060e-01 6.780577827433295068e-01
7.910404892294242707e-01 1.319708273061695580e+00
6.184176876273287382e-01 8.443742377012714018e-01
4.811549010626493539e-01 -1.061235382585971276e+00
1.917149818024610486e+00 3.508717081849147545e-01
2.704489947638081038e+00 4.995984817699383740e-01
1.610510565874901712e+00 2.147033041499219586e+00
2.197375924939954039e+00 9.238093907307031172e-01
1.462345803206592576e+00 8.171980454844796071e-02
1.613558154310721360e+00 5.802674221434440671e-01
2.042510597208369028e-02 3.034089740505730992e-01
1.921504273062830670e-01 -6.633843691143066490e-01
-7.812394465480867467e-01 -4.424884223105035597e-01
9.454149432589440405e-01 -3.901860139702850727e-02
1.475468673127721120e-01 5.801733140358945606e-01
6.228345586562098468e-01 5.026011893073800696e-01
-2.136283039550692098e-01 7.715864777254276552e-01
-1.554226785199132266e+00 1.104050914819448836e-01
-1.129948296652042661e+00 -1.100358135299566831e+00
-8.606803927649567809e-01 -6.457593051422175767e-01
-5.456669639107725178e-02 -6.283111627268326282e-01
-7.017890442225316328e-01 -1.774184395571249961e+00
-2.576809483477531248e-01 -9.021793705477334502e-01
1.377729794776179739e+00 -7.187284622165706072e-01
1.429110288797119210e+00 -1.328082548464797341e-01
5.235933039279346835e-01 1.038779871207203609e+00
-1.076648650090459514e+00 6.484824156769579684e-01
-1.101529444376173394e+00 1.541472677071862307e-01
-1.382218986920516146e+00 4.537066002664470465e-01
-1.002476019260956086e+00 -1.698102386808579833e-01
-6.883165620466432655e-01 8.961337919611139791e-01
-1.355963333325029163e+00 5.853988172367670106e-01
-1.022154934535921988e+00 3.518054785836064458e-01
-1.546633760398807844e+00 5.636884649568220107e-01
-1.605939859637614653e+00 -9.173541239234628275e-02
-1.168657671146812627e+00 -8.372149967513361490e-01
-1.727458617623402803e+00 -1.370944130369223801e-01
-1.073157456051334391e+00 4.316179324711807430e-01
-1.859093999497305916e+00 9.873908440137464382e-01
-1.299902913043451846e+00 1.787716912001495073e+00
-4.766532121740602035e-01 1.166209285766202530e+00
-3.355082492438927755e-01 1.851527412250860927e+00
-1.568671394340949155e-01 1.230101159577764225e+00
-7.535663509406189675e-01 1.531316405607380249e+00
6.641751646803282227e-01 7.306859912785841349e-01
8.756239100867860836e-01 4.587485102438009221e-01
1.011958220516989915e+00 1.075631920913533435e-03
2.776539200712858646e-01 -8.795334728719593764e-01
8.000772889818236200e-01 -6.811929698557657176e-01
1.269334148192483358e+00 1.005232712201002965e-01
1.604680719327219673e+00 -4.260709367155227634e-01
6.425581257912743594e-01 -4.503468931841059231e-01
1.354418741833494977e+00 -5.337675937757131450e-01
1.239332100982808438e+00 2.668492883996590459e-01
1.430454394832412213e+00 -1.169513461898654683e-01
1.318101556447751399e+00 -8.561712883874387225e-01
1.320752316230514367e+00 -1.085723139871115350e+00
1.243836499618233837e+00 -9.161635997380451757e-01
1.968250232357462437e+00 4.308570668122470027e-01
1.982579676582108874e+00 3.454427301285533103e-01
1.879653768140766790e+00 5.919747642701367329e-02
1.287305450232060888e+00 -1.915548611106181465e-01
5.583146528542838327e-01 1.849917440053644446e-01
8.984095321221264863e-01 6.445345814936442874e-02
2.693871435423407235e-01 1.114949636722835313e+00
-1.260665486691745496e+00 -4.059124947295582597e-01
-8.990884194518861117e-01 -3.341225143657955421e-02
-2.192604191028402205e-01 -3.352182936279005654e-01
1.305638702259731332e+00 -4.843275992243674111e-01
7.804980257085183393e-01 -4.781868464019538578e-01
1.716415754270508298e+00 -7.422297945338431902e-01
1.606381116175815471e+00 -1.012344449564049675e+00
1.414750999599639458e+00 -1.491117035080953723e+00
1.151968212790412949e+00 -4.250583916170036503e-01
1.060550190501159840e+00 -4.114873128490789123e-01
1.163253040600090715e+00 8.430836141355946278e-02
7.184203679704145307e-01 -1.439020982656606495e+00
1.025642456646174150e+00 -2.482899782449525361e+00
1.290097622450315118e+00 -2.316707213601558291e+00
1.548602861570127498e+00 -1.672417992739161363e+00
7.212071011743097504e-01 -5.210281275037493831e-01
5.705209294218517302e-01 -4.843774047902709157e-01
7.691635215874776943e-01 -1.603897282244465927e+00
1.258175009836767888e+00 3.597159896404130697e-01
1.137376175306937576e+00 5.633995814080844378e-01
2.208324122785218613e+00 -8.204677813434348987e-01
3.536376318217615555e-01 6.651498448305902533e-01
-5.237900522704447281e-01 2.194098942528398322e+00
-2.043196447476823829e-01 4.191618293913558224e-01
-9.821109108115708697e-01 7.923605211387680924e-01
-9.092169205506518415e-01 -1.798313219867977431e-01
5.726644977614566701e-01 -6.592023987768146354e-01
-3.714399547206514995e-01 3.817963778282611464e-01
1.969743301482522746e-01 1.103925239412610004e+00
-4.549910921712038148e-01 7.701520335157908681e-01
3.164202265350479770e-01 1.312721469880387071e+00
-2.279131099930720161e-02 1.984557631634220609e+00
1.456112011312090004e+00 8.266727372869479007e-01
1.718148737311890883e+00 1.324406320492578670e+00
1.209679998519486599e+00 9.109959282643336209e-01
9.866792623033459053e-01 3.275095575808373294e-02
6.718258352174218961e-01 1.134962849878205171e+00
-1.415446501570955640e+00 3.344674570661847479e-01
-2.070360462458343820e-01 -6.427784764981647747e-01
-3.759143678659448984e-02 -7.730437243004328884e-01
3.201423376570478041e-03 9.471323514838725366e-02
4.669550097495313024e-01 1.390428987496138857e+00
3.728595173067995594e-01 7.656935155931492432e-01
5.239141912588687333e-01 -8.636004486642528954e-01
4.668317138787010379e-01 -2.749504597462908428e-01
8.836770294082276767e-01 -1.045711281667461634e+00
1.976045898844746573e-01 -6.142878544082670533e-01
1.735642477888104107e-01 -1.363626964417308907e+00
1.993242527213713311e-01 -1.179577535042580116e+00
1.563744517675899059e-01 4.040299182078963547e-01
1.163173068548815747e+00 4.798673360190496284e-01
1.162703358130706133e-01 1.092757255447430964e+00
1.564005604455347420e-01 1.417025975174730501e+00
-5.452336028875459650e-01 7.458754187062950347e-01
-4.158715262021446257e-01 -3.922792177560167071e-01
5.865590057770653232e-03 -1.254547225879982353e+00
-4.932364535552445917e-01 -1.045604952111592212e+00
-3.223493619692680001e-01 5.934099396322223274e-02
4.891167713767985425e-02 -1.061534810029605147e+00
5.059477124375166834e-01 -1.165873174970877280e-02
-5.085636246375089264e-01 -4.579048147100278632e-01
-9.781193022537855164e-01 -1.153931787148747334e+00
3.663911468492729862e-01 -9.642045026012131537e-01
5.589752183931239182e-01 -9.190070769717562094e-02
4.505129153730436098e-01 -7.858923489239463267e-01
-1.218569684429864353e-01 -1.534413975638468930e+00
6.742357757386505668e-01 -1.211114916587297419e+00
1.150029424089082486e+00 -7.191884238865620116e-01
4.793820449556684959e-01 5.260818759695631286e-01
1.021401831789432446e+00 8.354322623650412005e-01
3.029473118698661205e-01 6.808671006666050518e-01
5.617191011270891154e-01 7.716373576689216085e-01
1.854733913656937183e+00 -1.177625542060362074e-01
5.145428590129906832e-01 -8.030451778482107228e-01
1.118965246463070162e+00 -1.837737987962063668e-01
7.727791219777357945e-02 1.184903359162641223e+00
-3.136885419383408369e-01 8.995004283773175846e-01
-2.433971877214482493e-01 2.318267077169235968e+00
-7.565874209965859354e-01 8.290739916381577590e-01
-9.702311234496806547e-01 1.199488340372016015e+00
-1.227330738579916813e+00 7.790165338130805583e-01
1.020197781643148449e-01 -7.384463748558711682e-02
4.507760340789218612e-01 4.841140593612048848e-01
1.464400106358602072e-01 4.155090941965222662e-01
1.061594766855693761e+00 6.382536004724721490e-01
2.141425877322788551e+00 4.151995212457814111e-01
2.107658689067255509e+00 1.848660622287416899e-01
2.453253568737681078e+00 3.805299242589185726e-01
1.348589412990818026e+00 4.982629509404770118e-01
7.300896770616953635e-01 2.275408802269114350e-01
-4.102863825763609640e-01 -8.875670745456539779e-01
5.375623299490065454e-01 -6.917542109391477956e-01
2.654032806999105931e-01 -1.310548594466061978e+00
-8.160190356249304999e-01 -7.825028938162605918e-01
-3.135190267659511143e-01 2.689363679057914513e-01
-5.694202821209809473e-01 -3.519913413144846182e-01
-2.111508306833852489e-01 -4.689738906763536441e-01
2.005637753643948695e+00 1.686262681372838967e+00
1.220654003782445818e+00 1.758220527575547365e+00
7.784480907623578805e-01 8.053378903997923111e-01
1.397275330135550497e+00 1.862026684670160082e+00
8.069338881013253806e-01 1.334002552295507016e+00
9.238580011039853046e-01 1.440618584956402604e+00
3.697848425051293297e-01 6.860971404036084742e-01
1.480933542763457345e-01 1.231953083460701315e+00
-6.790815042991767969e-01 -4.018887432375799484e-01
-1.246227129490253605e+00 -1.548456764794532203e+00
-5.984963715913349525e-02 -1.509441543843126565e+00
-2.622671017871032184e-01 -2.007169506991641317e+00
2.358802104503568975e-01 -1.214756532325210969e+00
6.317164006970892309e-01 1.919510591225154217e-01
3.146827540673631241e-01 1.736989442546166496e+00
2.858133744887575434e-01 1.125068621078316733e-01
9.026238349180314424e-01 2.648397600419941655e-01
-6.747534081152286589e-01 5.783615721285263467e-01
-8.743091665899356268e-01 1.235380913639340328e+00
-4.077092747233749259e-01 -1.061159746900613987e-01
-1.086691264963925985e+00 1.290060204101138419e+00
-1.385653157368655020e+00 7.713463370711793887e-01
-3.581213192825046798e-01 3.699098069678515843e-01
-8.794092635895760512e-01 1.062986767641713737e+00
-1.563786203392251384e+00 2.114530556807684425e-01
-7.746496068942940738e-01 -3.090277489075337058e-01
1.099863022563734027e-01 -1.004082685775448347e+00
3.329001101335090640e-01 -3.275763066410564139e-02
-7.780298253710438150e-02 7.922988039649470071e-02
-5.782546368061980413e-02 5.095465386665377627e-01
-2.936584188529143269e-01 4.646176608541394693e-01
-8.973452891630161465e-01 -7.355518430930373386e-01
-3.125697361042267808e-01 -2.180645218597376811e-02
5.520970640956088804e-01 -1.052915591737707990e+00
1.097430545460396090e+00 -5.926210264824560703e-02
3.455083850748105201e-01 -4.125581854227775569e-01
1.257637865786066511e-01 -9.765270700994497233e-01
-5.129500934755626407e-01 -6.997646882469530372e-01
-6.163439951853358911e-01 -1.672547736917012529e+00
-2.625146054162096343e-01 -1.218167001325047849e+00
-6.370125925865198768e-01 -1.598538399540433419e+00
-9.953014546173397648e-01 -1.603426299594590265e+00
-1.297435473076997026e+00 -6.821297483475138312e-01
-1.171611006636290586e-01 1.595414022570584844e-02
1.001936784966263039e-01 -1.040512484382295488e-01
1.747301152528904833e+00 -4.270009664917862047e-01
1.089376456231187618e+00 -1.708503656410139904e+00
6.791992112317426500e-01 -1.676390643547067238e+00
8.079059778706122463e-01 -2.727349046402381960e-01
-3.443209670321014659e-01 -3.666385218146925862e-01
-5.107719897482509985e-02 5.588279604204248185e-01
4.241507233157824075e-01 -2.065441935342922086e-01
5.860017341946597291e-01 6.965198654577253734e-02
6.906691981135322234e-01 -1.958357077571630800e-01
1.465903462323864481e+00 1.003839153879531931e+00
1.829703052351696169e+00 2.136085001708294406e+00
1.047090583731894453e+00 1.847854895682565335e+00
1.039899898069805095e+00 1.093108382755900720e+00
9.953747957604199836e-01 7.811786734433950885e-01
8.728804489661612376e-01 6.875975867140232678e-01
-4.578297817680324622e-01 9.116010259175231223e-01
4.923198871584566483e-02 1.935104436565249220e+00
1.147526213308261323e+00 2.698415809342315619e+00
1.006424098142234769e+00 1.312809848191871076e+00
-3.028688487962296616e-01 6.073973555426257498e-01
-2.311754300161035225e-01 9.760174831263105366e-01
-1.851097539190230679e-01 1.061683525160926678e+00
-5.430102935815650511e-02 4.239498461136412821e-01
-2.704466418929751814e-02 2.470641212801985009e-01
-7.024430090983085906e-01 8.474810240853261067e-01
-3.213775262809170918e-01 1.046920124729779911e+00
3.382263399659418690e-01 2.495791064665560555e+00
4.948617901450886314e-01 2.724175362378215670e+00
1.076770771383844139e+00 1.984604955810542526e+00
8.862174020325039869e-01 2.395152695859665837e-01
1.639869915385983035e+00 -4.390560832081906728e-01
8.920134711157690077e-02 -3.740973048453759553e-01
4.752197124133139550e-02 -2.339713599642549990e-01
-1.713223728587410788e-01 4.943429268249520669e-01
-7.714804370069328066e-02 6.575495999687122062e-01
-4.817949041698774693e-01 1.058101479834324676e-01
-8.271558965872536362e-01 -3.323701803534363508e-01
-1.636869155045530544e+00 1.434460002752200314e+00
-1.162190445688212170e+00 1.380668435713602316e+00
-1.881665493032638414e+00 1.081437348110436680e+00
-2.722138484473457520e-01 4.467834585231299505e-01
1.545971461068013086e-01 6.370199735976301847e-01
-1.162424688387596605e-01 5.365030128511072416e-02
-5.805610892998507300e-01 -1.650208182213361852e-01
-1.071343834750714263e-01 -2.837011359713752512e-01
2.280657331340357752e-01 3.057768571307897254e-01
4.517930003998116284e-01 2.521798132363650691e-01
2.413866122537658976e-01 8.700932555099151200e-01
1.256853692897753838e+00 2.465756445255700147e+00
1.211104240107688579e+00 2.987399591049380465e+00
2.206868372756525254e-01 2.347182324333092041e+00
1.085195020600667748e-01 1.199904956149993041e+00
4.524571230550616940e-01 1.966741845243109577e-01
7.297179552202716080e-01 -5.168908048489008200e-01
8.531177740675969234e-01 -3.787421810166113900e-03
1.293731473790443509e+00 -1.460796894218852060e-03
2.397943479593657168e-01 3.092267392657007674e-01
8.749206834637974772e-01 3.055123955128491442e-01
6.995213046494351827e-01 -8.696409626542472848e-01
1.761691135074729520e+00 -1.499415760498706618e+00
1.833372998664338116e+00 -9.830256536391163147e-01
4.120459645137273252e-01 -2.146818223040332096e-01
6.485394056544594443e-01 9.724664236931977734e-02
-3.019212693578458007e-01 -6.784895906321085635e-01
8.180407504729784174e-01 9.325137106804094467e-01
1.261656243893617413e-01 7.262089459754309528e-01
3.618804068168527399e-01 3.061181666925927303e-03
1.565365566850774659e+00 6.804394836171657746e-01
2.068889833657869382e+00 7.157054385581276268e-01
4.017708458301308960e-01 1.329204845878825036e+00
-6.865779550340156412e-02 2.109649145173140283e+00
-9.544142120335311619e-01 1.536543832313125524e+00
4.746366555405423515e-01 5.460360435402583645e-01
-6.885571762700989362e-01 -3.554627479020244785e-01
6.373925290000150845e-01 5.363976703816497604e-01
9.408612439330615862e-01 1.000696516531606184e-01
2.864660606967607270e-01 5.379660188067066917e-01
6.473652945248030699e-01 -6.281487594013313025e-01
1.609798085412010860e-01 -8.271001973651135319e-01
-4.619824527406876102e-01 -7.753156218882863993e-01
-1.653840446072908144e+00 -6.871643532769655671e-01
-1.173109049688123573e+00 -1.238378454147772034e+00
-3.293844679915947093e-01 -7.250611001070739192e-01
8.779513693547021935e-01 -9.131897534468937927e-01
4.184754265430906672e-01 -1.068789812203575940e+00
6.799060889757189141e-01 -2.768050554740134617e-01
1.788281554757896075e+00 1.816683583852397588e-01
1.101969736957800539e+00 -2.164619828031154047e-01
1.739270079658382873e+00 1.071024876378973145e-01
2.237588705892323837e+00 -1.230140972769206087e+00
9.290614743309943968e-01 -7.822164699449063452e-01
9.302559561209328143e-01 -1.416921991885418786e+00
1.269953461566201147e+00 -1.010075843000916018e+00
1.143801639587106900e+00 -9.294506037641175888e-01
1.158771695711011018e+00 -1.249671993364712907e+00
1.502151465729138602e+00 -5.172912666523673542e-01
1.462126624258640373e+00 -3.988956823678799779e-01
-2.700712683841184347e-01 5.562616735861459771e-01
-1.289784249721459997e+00 -5.459937339926824729e-01
-1.613243037228774934e+00 -2.880121910266246754e-01
1.287327883552167318e-01 -9.223682454682180509e-01
-1.385483644199223541e-01 -5.933884640465022509e-01
-1.196468774538806734e+00 -2.481313197511060276e-01
-6.215773630282313000e-01 -1.626465492601161245e-01
1.207609368171211672e+00 2.766733648246351152e-01
1.045561953500495189e+00 4.425215411692956513e-01
-6.114371471972357419e-02 1.151282031781557968e+00
2.602563779704526459e-01 3.479330384457793857e-01
-8.974387362300739746e-02 -5.317354890423739988e-01
9.986137198509370538e-02 -4.180245136703025777e-01
-8.848328914581790050e-01 -2.955361601813623063e-01
2.463010494329046507e-01 -6.530202314016309018e-01
-2.207483690653370134e-01 5.534438038439408736e-01
7.623212782222426043e-01 7.004977745199161276e-01
-6.586801173742131699e-01 2.038114185036711268e-01
-8.265130687735254833e-01 6.711042691598746446e-01
1.691610881730166493e+00 -3.328916444825852361e-01
1.405701848842630275e+00 -7.415042240237995630e-01
1.000142213460072149e+00 1.449693217964023173e-01
4.513710174630498617e-01 -8.271439689998028033e-01
-1.003101423240358780e+00 -1.847473078130806412e+00
-8.580410412723572522e-01 -7.818768557034344591e-01
-1.313569320176488864e+00 -7.994107298299200082e-01
-1.420419088933501106e-01 4.073009258237081376e-02
-4.063679953089349706e-02 1.725768098647362248e-02
-1.097893131816987555e+00 -9.368334348871455441e-01
-4.080390956897397281e-01 -1.003601767097374253e+00
-8.584269089070917236e-01 2.693431023844414796e-01
1.127145062148631194e+00 -9.361874155000675657e-01
1.897648806445790814e+00 -3.353572104557788203e-01
1.800733586998672475e+00 -8.074520133034154279e-01
1.345016129593305187e+00 -2.025938590977845788e+00
9.187796283565895505e-01 -1.962330055093005621e+00
1.436441996070493055e+00 -1.431022442502937864e+00
1.102303865600112953e+00 -4.571713811316135967e-01
5.744233981640330944e-01 2.485805022979357126e-01
-9.438919527780218477e-01 2.434716039976428936e-01
3.229794913962381608e-01 -6.592738284410550875e-01
4.101292917014915940e-01 -3.363134052316452127e-01
2.467832905588418502e-01 -8.790093360289411573e-01
-1.541649537100640011e-01 -4.932032416648404194e-01
-4.567738350265353464e-01 -1.069330053231691835e-01
-7.164704529963112911e-01 5.241352393131335496e-01
-2.516310672451361752e-01 3.136706046500103984e-02
3.491001801498954116e-01 -7.199718630420057774e-01
-7.702181861750603264e-01 -5.250297412932118934e-01
-2.199447977950986566e+00 -9.673664317417410841e-01
-1.591992700424165630e+00 -4.577264113668714218e-01
-1.670396381004161324e+00 -1.205317615996969183e-01
-1.481620869935349916e+00 -9.386208515959586496e-01
-1.055008134072403791e+00 -1.833067932772945996e+00
-1.569953698575327738e+00 -1.202664098409869320e+00
-3.355095177488876423e+00 -5.082882058841075024e-01
-2.438267704685364468e+00 5.047203826123699555e-01
-3.674259884013790778e-01 -4.205422655908676033e-01
8.174299985677585534e-01 -2.043568993832294289e-01
1.537214553274414364e+00 -1.358121655266399497e+00
1.185582264607638159e+00 -1.979217718472590759e+00
1.165065696466391465e+00 -3.516141034863958792e-01
1.206166742119457735e+00 3.832953031827257551e-01
2.173071888828941312e-01 9.731065650475830831e-01
-4.543476615651984574e-01 2.526395325099796807e+00
6.231796574514725240e-01 1.582763307243697071e+00
5.296298806851162944e-01 9.034663456442146856e-01
8.213438470483780396e-02 9.460426485984132494e-01
7.155834863788141931e-01 1.055208750523385364e-01
9.475447918729172914e-01 -9.955709883655099457e-01
1.673333295259470832e+00 -1.051900129818750917e+00
1.260433601135695136e+00 -1.331204846431724764e+00
9.107554794370880114e-01 -1.360098853924985640e+00
3.344637185215704189e-02 -1.508628700171722459e+00
8.118696177884274778e-01 -1.140704532502544222e+00
-2.748947417436423679e-01 -5.416824633540594514e-01
5.185544064812551701e-01 4.525566164714630579e-01
-1.022373788215249268e+00 1.623095193214463272e-01
-5.040245175947521972e-02 6.460822736903412133e-01
-1.306667576586756807e+00 -1.116137582015677587e+00
1.116964661098827305e+00 -1.538984542563289093e+00
1.620355490571159240e+00 -4.396737172711621122e-01
3.696468856363561706e-01 8.741761237318406152e-01
1.465343294852121225e+00 8.982599517326838034e-01
1.431765344558771247e+00 8.357182105999454436e-01
9.302315412847153020e-01 4.589488079394917763e-01
4.332197867657228141e-01 9.743239751498625756e-01
2.359678545263695915e-01 1.488039177771624644e+00
-3.740855129429441206e-01 1.131381609801197063e+00
-6.119775342780334748e-01 4.490063372124830643e-02
-1.085847377225643839e-01 -2.030198105477447612e-01
-3.189759608082013420e-01 -6.710501289191705965e-01
-1.814200826741870776e-01 -1.064323805419967739e-01
6.076106701100474350e-01 -1.243452841562831646e+00
5.574131201879298780e-01 -2.208205999744639048e-02
7.687939126128581213e-01 2.539601725397855336e-02
2.498987452123301978e+00 1.267491538254353234e+00
2.505285336016290998e+00 1.328257443115136827e+00
3.544892328234703793e+00 3.919240433890017750e-01
3.003806389857960557e+00 3.650804032107372032e-01
2.295582323181724949e+00 8.524543020435700891e-01
1.413267305201685531e+00 8.940018692215756513e-01
-1.976095302973202017e-02 1.235743331158742908e+00
9.016775934702488948e-01 7.764899705723922185e-01
1.100548171110207196e+00 4.212715270717368732e-01
-1.796884194186748607e-01 -1.579892862738818682e-02
-3.045583130901157176e-01 1.032485861749429024e+00
-1.437346635201357747e+00 3.540904208895890859e-01
-8.824034279274483028e-01 8.792216129814020009e-01
-5.578663779397299294e-01 -2.186071489444884053e-01
1.602369401278777028e-01 -7.651356196980554358e-01
-3.988639065681276463e-01 -9.096815757915959200e-01
-4.921751347161104073e-01 -5.908029999166282131e-01
-5.275951007220943678e-01 -1.403827637306794829e+00
-2.132373319144816204e+00 -7.469591779559392464e-02
-1.136912313995950718e+00 -2.654911295772329760e-01
-1.196915842635959848e+00 2.482267880700211871e-01
-4.796547155424022435e-01 1.810395646479547871e-01
2.166532385112984738e-01 5.434334693084217349e-01
-2.491845856657526337e-01 6.674168614072462091e-02
-1.311129204919413649e+00 -6.630341793809257922e-01
-8.464257963322406875e-01 -7.190221935944219878e-01
3.830091811293080406e-01 -7.558914090003301389e-01
6.302433909768018205e-01 -1.103155630209624594e+00
5.754985565342259912e-01 -1.434493952553452134e+00
-2.733434989085745670e-01 -1.188439432481235070e+00
-6.104384726709860542e-01 -4.674653470813038281e-01
-1.535835948607968682e+00 -7.909943325137487324e-01
-1.327310997259587122e+00 -7.573713191312738680e-01
-1.127825308495857826e-01 -1.172888631759681166e+00
-7.992070717801945667e-01 -9.610085917829606084e-01
-5.493005849246349603e-01 -8.180474683915840428e-01
-1.193212094251911992e-01 -2.195626868162903200e-01
-1.609078852429831619e-01 1.916119703263624574e-01
6.395753844306740765e-01 -3.489864488781920793e-01
1.936451465126798333e+00 -8.263101983787325411e-01
1.750120688069249919e+00 -4.610009295229074988e-01
1.616381293447350487e+00 1.096418155907813663e+00
6.823739863098887692e-01 1.078344829861601628e-01
9.816061014287338349e-01 3.608716879295960078e-01
-1.667674683206009645e-01 -2.354259614267283363e-01
7.945318502149101292e-02 -7.056557793830042780e-02
-1.000542705125799792e-01 -5.056705129335946625e-01
-1.273246050184384526e-01 2.764043858968256995e-02
-5.687331477131314372e-01 9.781536175704841352e-02
-1.803794798267588373e-02 9.434324989925726435e-01
1.071547268713468615e-02 -4.289761940811713803e-01
-4.710680111438488860e-01 -9.565328044765548654e-01
-4.091466795841643966e-01 -2.776393052913677106e-01
-1.534018332422347308e+00 2.706268622046424932e-01
-3.740337868246405018e-01 -7.777649852545550635e-01
-2.341167670445042370e-01 7.926505204487691580e-01
-8.598948235177505950e-02 1.340926735792897562e+00
-7.444557766076687066e-01 2.735663565324607305e+00
-6.374607086883754548e-03 2.851963056682701669e+00
7.657224511049542937e-01 1.331230633580203992e+00
-8.035566181796545138e-01 -3.996312196992097832e-01
-4.273720379743728426e-01 1.684713923190893636e-01
-8.440687145395486812e-01 -3.600139064008773815e-01
-9.677535607545706409e-01 6.402469877627094963e-01
-2.176353099173089500e+00 6.260646677695422824e-01
-1.598796493482296244e+00 -1.816816343240121867e-01
-1.801429749593617791e+00 2.114269984524153045e-02
-6.854494402856938784e-01 7.483015308770131213e-01
2.373428775993857709e-01 -5.562840224914133991e-02
1.073680666811248630e-01 -1.611221832102535112e-01
6.978251600876861360e-02 -5.933590302631535085e-01
-7.182448439859756562e-02 6.012058523632272111e-01
3.843371052685242706e-01 7.071783210479278825e-01
-7.435274092866661633e-02 3.786897812559480991e-01
-7.191389163356880498e-01 1.006795897736965095e+00
-1.393758865721759443e+00 5.458276671718593764e-01
-1.336389644630869844e+00 7.366577045491486952e-01
-5.109946294718064053e-01 8.411622805990467411e-01
-7.378303920180488973e-01 1.642678524133678319e-01
-1.378969265588720905e+00 -4.409237230808912278e-01
4.387616588877352175e-02 -2.078818461673898277e+00
6.612687269395426393e-01 -1.899135633686021007e-01
3.101972193968437486e-01 1.347933325646441638e+00
1.268857711829785462e+00 1.611338524343132406e+00
1.428169462537929313e-01 7.774711707020085516e-01
4.439620469099684330e-01 7.329829296126956217e-01
6.848979006435850225e-01 1.037037929461274599e+00
3.773462007138423946e-01 1.499853742850645766e+00
-4.468062058301458528e-01 5.432284456101352799e-01
4.279997545313634078e-01 7.141705005683928187e-01
-4.103525636318815506e-01 1.131804284404894778e-01
-4.781190735101136235e-01 -7.921262836399808327e-01
-1.777780331834124317e+00 -9.349774794759481145e-01
-1.998118201956370577e+00 8.039304975351879712e-03
-5.497647107121431675e-01 -1.302979625599578251e+00
4.105158754622448836e-01 -2.603031575050851920e+00
-3.294679563204364614e-01 -2.153633718607366188e+00
-1.014680811003362271e-01 -1.702088034741865874e+00
5.848899070062800742e-01 -7.102086278892758564e-01
1.282233429205142272e+00 -1.342960729480098259e+00
4.391146686658006226e-01 -1.694690391191082890e+00
-2.654599995661632850e-01 -2.220599052397392192e+00
-4.667245269595737822e-01 -9.510129747651736576e-01
4.148305656040586209e-01 -9.744454691527366652e-01
6.404482219544637145e-01 -1.704061242433499990e-01
8.978156875378711099e-01 -3.607402926676783750e-02
8.367290834315684878e-01 3.816815700714585313e-01
2.926801491872389471e-01 4.621997238264572427e-01
-2.082269868076082053e-01 -7.262314525635582552e-02
1.401223171207738316e-01 5.910228318373818013e-01
-5.040451482242671588e-01 -4.784819264896504887e-01
-1.008949434614577534e+00 -9.486529984735818655e-01
-2.252197771819586247e-02 -1.291477171373908828e+00
-7.306362541263351496e-01 -6.733506195991889598e-03
-5.124209641296226803e-01 4.346993659774115448e-01
-5.877120373986157720e-01 1.265425562309840268e+00
8.433777270781639412e-02 6.979336747669979690e-01
6.980863376543444687e-02 3.952574708335131470e-01
6.543821267755177695e-01 6.515414697278815170e-01
1.072937190186756373e+00 3.989126494575979676e-01
8.075889664582599492e-01 2.526571025983929131e-01
2.122744774032968351e+00 4.924717340126533172e-01
1.913017617865905962e+00 5.991456207090191111e-01
1.839093502451240703e+00 -9.141191680566421729e-01
1.073508803584461768e+00 -9.640907240316709537e-01
8.782473055020639796e-01 -9.945689032018166786e-01
4.084975429613454390e-01 5.952030131705490223e-01
1.165955604767280107e+00 -1.973537685464561431e-01
1.304558180819390456e+00 -8.102277164260432984e-01
2.268641579109219375e+00 1.596154996605798626e-01
1.774029383864407894e+00 8.489049858072548194e-01
1.644455416245608870e+00 7.890163935579308507e-01
1.771650615113934124e-01 1.593179429869787667e-01
5.472809271816366783e-01 9.397741185917908302e-01
1.041641237395529718e+00 1.087456121934935016e+00
1.048115906412146359e+00 1.462323983377859404e+00
-2.610295382599813196e-01 1.476244670910483503e+00
-7.579525615996163257e-02 2.637969232739980630e-01
-2.525652439055934284e-01 1.568907190434964960e-01
1.308589515600097064e-01 -1.135267437931342771e+00
-2.793674888371324716e-01 -1.756088070306129900e-01
5.132946712117403276e-02 -6.861672924587280953e-03
5.304080712428721478e-01 -1.075113250289580824e+00
-1.644906077681673739e-02 -4.462221195700610821e-02
4.099819386973035940e-02 -1.416963770448270710e+00
-1.345163089710499804e+00 -7.827326448489558830e-01
-7.922452839318965268e-01 -9.183891166654634119e-02
-1.163157842804839914e+00 1.870841078492639920e-01
-1.575316626437714529e+00 6.611004500647854609e-02
-1.754769954316617309e-01 6.670371016386570373e-01
-1.048066402497779270e-01 6.372335173819965171e-01
-2.536202306752654678e+00 7.305133017282416930e-04
-2.465960767165545686e+00 -4.687637884450198689e-01
-1.145120729177708574e+00 -7.041889517756304562e-01
-6.138245159234778647e-01 2.484476463496129162e-01
-1.561878686660006510e+00 2.526299755103210698e-01
-1.071847450125968493e+00 7.305903338337216280e-02
-6.980297725601747327e-02 -7.847460671047751246e-01
4.035229298553910660e-02 -4.706223783794882820e-02
3.768117601406181238e-01 4.082381483906613040e-01
-1.181676610256207072e+00 4.398213165207662811e-01
7.063148348965442302e-02 7.173245259629279502e-01
-5.356410641719059340e-01 1.201687182446892876e+00
-2.075022267285830946e-01 -8.758782073326665252e-02
-4.745645734869891053e-01 1.278400650806532868e+00
-1.038377849263838471e+00 1.902117147861703383e+00
-8.109669705664874773e-01 1.291580305429522513e+00
-1.390214030143542612e+00 1.154116393262423657e+00
-9.078388953079566948e-01 1.315447707904423336e+00
3.811800428007959818e-01 7.042496463834554410e-01
4.936246035831203804e-01 6.809674087548204247e-01
-3.091534703361347169e-01 1.019105354117763040e+00
6.600799396400190977e-01 6.631214215763558961e-01
-1.117835523088657190e-01 3.303920625574725545e-01
3.855660550593803526e-01 6.820621621065947604e-02
4.702269162241701217e-02 9.685341069867270392e-02
4.334659835820047213e-01 7.596840294336122401e-01
2.824417373128947917e-01 3.999289532385016388e-01
5.062126387465598620e-02 8.659948693951280418e-02
9.180700155271808161e-01 -1.284686374333677161e+00
1.047516173018032681e+00 -4.676847637669985236e-01
5.273060079806159983e-01 1.061213191510741449e-01
2.112322410864303501e-01 -7.273986347057004309e-01
-1.773687308582654110e+00 -3.527648767411047936e-01
-2.048047693882057096e+00 -1.606322022700322760e-01
-1.728699525750961197e+00 -1.152638247929347104e+00
-6.153924656137195193e-01 7.082496415250627564e-02
-1.332647685671701998e+00 -2.307417438410486188e-01
-2.072264387759413573e+00 4.751542091016157654e-01
-1.147605027848052739e+00 -1.291295851525964267e-01
2.905974073823370807e-01 -8.814492850342264818e-01
1.011504293760745465e+00 -3.752544988382358060e-01
8.204679934409653264e-03 -7.163097420595317955e-01
-7.313994333089094413e-01 -6.416686056422676865e-01
-2.002015126994816097e+00 4.817264066736859363e-02
-1.593996929773798588e+00 4.502410759387018846e-01
-9.925686350516628176e-01 2.015470718863801025e+00
3.238242374974924509e-01 1.610009612917422395e+00
3.580562383308303342e-01 7.377823299610466456e-01
4.885726461124875186e-01 1.341550441756573786e-01
-1.103195588369286551e+00 -2.547864918205448026e-01
-1.652598473033958237e+00 -4.105820801941486575e-01
-1.839219692560680075e+00 7.464138558358381914e-01
-1.087751098016539242e+00 4.744004227482012670e-01
3.095049418366065952e-01 1.615489658952917296e+00
3.510449021230511724e-01 6.863470782228603406e-01
2.625403172728479895e-02 4.655369980001113905e-01
1.281797685765353245e+00 8.978971193096755288e-01
1.635335161238808732e+00 7.004930756080146592e-01
7.266180679620362071e-01 -1.021028716571112493e+00
5.638288285272797795e-01 -1.255307845594189731e+00
7.087031579381352087e-01 -9.090565836183426285e-01
3.191275486765503544e-01 -1.638618770119091961e+00
1.296524613394488989e+00 -1.811358923249227759e+00
1.081983687860374133e+00 -1.751613062490551709e+00
-5.762509419894134011e-01 -1.249418916594093876e+00
-7.541983071745069767e-01 -2.627317056563476250e+00
4.585909264496701443e-02 -1.708870879036788804e+00
1.196637846728978882e+00 -9.203628763955560288e-01
1.995761066398878958e+00 -3.081741384311962317e-01
1.266656289451860706e+00 -2.189300758205989794e-01
2.805901603604181727e+00 -1.075985894747036875e-01
2.185426523701440971e+00 -1.309811200200441395e+00
2.149356312333516872e+00 -1.711324153200456610e+00
9.529849716004424875e-01 -2.555626597797764799e+00
1.172765663833367000e+00 -1.827538920936020217e+00
6.371849328652618993e-01 -1.715824367691158203e+00
1.452068956696590973e+00 -3.346324366247627191e-01
7.473282186830232376e-01 -4.842308918213222846e-01
1.913268976665090104e-01 -1.494465664974720109e+00
8.774429860904136014e-01 -1.589565261117446004e-01
9.236091935289019172e-01 -7.028543901288182294e-01
1.121433467637400927e+00 3.389611108900540959e-01
1.201790963018212199e+00 -9.736469147230025767e-01
2.360231462950570069e+00 -9.326600844556541814e-01
2.448047132267467063e+00 -7.938588802912417419e-01
1.619146299344728757e+00 -1.130020951226934356e+00
1.685657274266812999e+00 -6.590010314276115722e-01
1.194725418154833907e+00 -1.877274909547182791e+00
1.994185647899881841e+00 -6.935396023677502519e-01
