0.          0.          0.     0.5         0.33333333  0.5         
0.5         0.          0.     0.5         0.33333333  0.5
0.          0.33333333  0.     0.5         0.33333333  0.5
0.5         0.33333333  0.     0.5         0.33333333  0.5
0.          0.66666667  0.     0.5         0.33333333  0.5
0.5         0.66666667  0.     0.5         0.33333333  0.5
0.          0.          0.5    0.5         0.33333333  0.5
0.5         0.          0.5    0.5         0.33333333  0.5
0.          0.33333333  0.5    0.5         0.33333333  0.5
0.5         0.33333333  0.5    0.5         0.33333333  0.5
0.          0.66666667  0.5    0.5         0.33333333  0.5
0.5         0.66666667  0.5    0.5         0.33333333  0.5